"CallStartTime","PacketLossRate","RoundTripLatencyInMs","PacketsSent","PacketsReceived","AverageJitterInMs","PacketReorderRatio"
"15.05.2018 08:06:56","0","118,5","854","854","164,1074","0,05744432"
"15.05.2018 08:07:18","0","172","283","282","295,6967","0,0112782"
"15.05.2018 08:09:00","0","172,5","283","281","263,0703","0,01486989"
"15.05.2018 08:09:21","0","128,5","283","283","247,4662","0,007220217"
"15.05.2018 08:09:42","0","131,5","284","277","356,0984","0,01858736"
"15.05.2018 08:10:04","0","180,5","283","283","372,3139","0,01115242"
"15.05.2018 08:10:26","0","65,5","283","283","265,444","0,01465201"
"15.05.2018 08:10:48","0","44","850","850","117,878","0,03940887"
"15.05.2018 08:12:04","0","58,5","851","850","268,407","0,04438964"
"15.05.2018 08:12:28","0","127","283","283","286,6259","0,01486989"
"15.05.2018 08:12:53","0","133,5","283","283","221,1155","0,02941176"
"15.05.2018 08:13:18","0","384","283","266","555,2819","0,02264151"
"15.05.2018 08:13:42","0","833","850","535","374,2585","0,03827161"
"15.05.2018 08:14:08","0","135","283","283","226,4517","0,03296703"
"15.05.2018 08:14:32","0","118","283","283","193,6015","0,01872659"
"15.05.2018 08:14:56","0","37,5","851","851","140,0635","0,07647059"
"15.05.2018 08:15:20","0","99","850","850","180,8154","0,05889724"
"15.05.2018 08:15:47","0","205,5","283","280","412,8798","0,01901141"
"15.05.2018 08:16:08","0","313,5","283","278","521,8445","0,01449275"
"15.05.2018 08:16:34","0","73","283","283","393,5701","0,02214022"
"15.05.2018 08:16:59","0","133,5","283","282","331,3546","0,01465201"
"15.05.2018 08:17:24","0","112,5","283","283","162,8128","0,01115242"
"15.05.2018 08:17:48","0","36,5","718","718","144,7126","0,05788712"
"15.05.2018 08:18:12","0","95,5","851","799","126,8428","0,04265998"
"15.05.2018 08:18:36","0","101","850","792","276,8922","0,06790123"
"15.05.2018 08:19:01","0","361,5","283","270","508,4258","0,01171875"
"15.05.2018 08:19:25","0","2693,5","283","167","2146,131","0,004545454"
"15.05.2018 08:19:49","0","187,5","851","841","411,6068","0,09866017"
"15.05.2018 08:20:10","0","103","850","726","304,1511","0,07210884"
"15.05.2018 08:20:35","0","2843","850","265","1418,058","0,03422983"
"15.05.2018 08:21:08","0","4935,5","283","131","3912,281","0,01162791"
"15.05.2018 08:21:35","0","2228","283","203","2540,478","0,004329004"
"15.05.2018 08:22:01","0","1748,5","283","187","1367,996","0,04411765"
"15.05.2018 08:22:27","0","1460","850","680","1154,618","0,1112805"
"15.05.2018 08:22:51","0","2223","283","209","2508,624","0,0204918"
"15.05.2018 08:23:17","0","782,5","283","190","895,27","0,01913876"
"15.05.2018 08:23:43","0","177","423","409","243,608","0,06326034"
"15.05.2018 08:24:12","0","401","664","652","381,653","0,1111111"
"15.05.2018 08:26:09","0","119,5","851","725","317,8498","0,04617254"
"15.05.2018 08:26:35","0","51","851","851","124,8945","0,0365408"
"15.05.2018 08:26:56","0","63,5","852","852","135,1817","0,03321033"
"15.05.2018 08:29:13","0","73,5","687","687","161,6002","0,03215927"
"15.05.2018 08:29:34","0","142,5","850","847","186,4963","0,05816832"
"15.05.2018 08:29:56","0","45","851","850","206,2357","0,05925926"
"15.05.2018 08:30:17","0","247","283","273","262,8899","0,01923077"
"15.05.2018 10:24:29","0","10","283","283","9,106951","0"
"15.05.2018 10:24:51","0","10","283","283","8,204689","0"
"15.05.2018 10:25:12","0","8,5","853","853","5,242709","0"
"15.05.2018 10:25:33","0","10","852","852","8,159421","0"
"15.05.2018 10:25:54","0","10","283","283","7,40153","0"
"15.05.2018 10:26:15","0","11","283","283","6,201667","0"
"15.05.2018 10:26:37","0","9,5","851","851","8,192884","0"
"15.05.2018 10:26:59","0","8","283","283","6,069058","0"
"15.05.2018 10:27:19","0","10,5","851","851","9,848002","0"
"15.05.2018 10:27:39","0","9,5","283","283","5,100595","0"
"15.05.2018 10:28:04","0","10,5","283","283","6,509633","0"
"15.05.2018 10:28:25","0","8,5","283","283","7,236327","0"
"15.05.2018 10:28:45","0","9,5","283","283","6,639965","0"
"15.05.2018 10:29:05","0","10,5","283","283","5,371594","0"
"15.05.2018 10:29:26","0","10","851","851","8,937099","0"
"15.05.2018 10:29:47","0","10","283","283","9,488535","0"
"15.05.2018 10:30:08","0","10","851","851","6,625325","0"
"15.05.2018 10:30:29","0","9,5","851","851","6,057812","0"
"15.05.2018 10:30:50","0","9","851","851","4,920469","0"
"15.05.2018 10:31:12","0","8,5","851","851","2,524302","0"
"15.05.2018 10:31:33","0","8,5","283","283","5,609096","0"
"15.05.2018 10:31:54","0","8,5","851","851","2,594841","0"
"15.05.2018 10:32:15","0","10","851","851","10,27265","0"
"15.05.2018 10:32:35","0","10,5","283","283","9,381326","0"
"15.05.2018 10:32:56","0","10","283","283","5,360779","0"
"15.05.2018 10:33:18","0","10,5","283","283","4,248661","0"
"15.05.2018 10:33:39","0","8,5","851","851","5,422485","0"
"15.05.2018 10:34:01","0","9,5","283","283","6,026955","0"
"15.05.2018 10:34:22","0","10","851","851","5,85675","0"
"15.05.2018 10:34:43","0","9","851","851","4,484388","0"
"15.05.2018 10:35:05","0","10","285","285","9,861685","0"
"15.05.2018 10:35:33","0","10","851","851","8,66833","0"
"15.05.2018 10:35:56","0","10","283","283","6,539821","0"
"15.05.2018 10:36:17","0","9","283","283","7,494046","0"
"15.05.2018 10:36:38","0","9","283","283","4,425447","0"
"15.05.2018 10:36:58","0","10","851","851","9,968988","0"
"15.05.2018 10:37:19","0","9,5","851","851","7,622453","0"
"15.05.2018 10:37:40","0","10,5","283","283","5,960231","0"
"15.05.2018 10:38:00","0","9","856","856","5,80025","0"
"15.05.2018 10:38:23","0","9,5","283","283","4,951563","0"
"15.05.2018 10:38:44","0","8,5","850","850","6,19905","0"
"15.05.2018 10:39:05","0","10","851","851","5,699999","0"
"15.05.2018 10:39:26","0","9,5","851","851","4,750263","0"
"15.05.2018 10:39:47","0","10,5","283","283","5,143764","0"
"15.05.2018 10:40:07","0","9,5","851","851","4,97211","0"
"15.05.2018 10:40:29","0","9","851","851","4,216845","0"
"15.05.2018 10:40:50","0","8,5","283","283","3,472926","0"
"15.05.2018 10:41:11","0","8,5","283","283","2,598245","0"
"15.05.2018 10:41:32","0","9,5","283","283","5,29331","0"
"15.05.2018 10:41:53","0","8,5","851","851","2,478218","0"
"15.05.2018 10:42:13","0","10","283","283","9,586932","0"
"15.05.2018 10:42:34","0","10","851","851","5,551592","0"
"15.05.2018 10:42:55","0","9,5","852","852","8,087409","0"
"15.05.2018 10:43:17","0","10","851","851","5,997522","0"
"15.05.2018 10:43:37","0","9,5","851","851","7,123502","0"
"15.05.2018 10:43:57","0","10","283","283","6,691111","0"
"15.05.2018 10:44:17","0","9","283","283","4,943406","0"
"15.05.2018 10:44:37","0","9,5","852","849","5,86562","0"
"15.05.2018 10:44:57","0","9,5","283","283","4,83953","0"
"15.05.2018 10:45:18","0","10","851","851","6,981158","0"
"15.05.2018 10:45:40","0","9","851","851","4,469233","0"
"15.05.2018 10:46:01","0","9,5","851","851","6,834837","0"
"15.05.2018 10:46:22","0","9,5","283","283","4,803094","0"
"15.05.2018 10:46:43","0","8,5","850","850","6,233473","0"
"15.05.2018 10:47:03","0","10","850","850","9,961739","0"
"15.05.2018 10:47:24","0","8,5","283","283","5,6961","0"
"15.05.2018 10:47:45","0","8,5","283","283","5,15775","0"
"15.05.2018 10:48:07","0","10","283","283","5,917938","0"
"15.05.2018 10:48:28","0","9,5","851","851","9,381974","0"
"15.05.2018 10:48:49","0","10","851","851","9,021758","0"
"15.05.2018 10:49:09","0","9,5","851","851","8,537438","0"
"15.05.2018 10:49:29","0","8,5","283","283","8,814063","0"
"15.05.2018 10:49:50","0","9,5","851","851","5,587445","0"
"15.05.2018 10:50:11","0","8,5","283","283","1,385083","0"
"15.05.2018 10:50:31","0","10","283","283","5,507355","0"
"15.05.2018 10:50:51","0","9,5","283","283","5,909544","0"
"15.05.2018 10:51:11","0","10,5","850","850","7,005459","0"
"15.05.2018 10:51:31","0","9","851","851","3,544349","0"
"15.05.2018 10:51:53","0","9,5","851","851","5,949159","0"
"15.05.2018 10:52:13","0","8,5","283","283","5,537245","0"
"15.05.2018 10:52:34","0","8,5","283","283","2,604487","0"
"15.05.2018 10:52:54","0","8","283","283","4,240409","0"
"15.05.2018 10:53:14","0","8,5","851","849","5,604545","0"
"15.05.2018 10:53:35","0","8,5","851","851","6,610424","0"
"15.05.2018 10:53:55","0","9,5","283","283","7,701006","0"
"15.05.2018 10:54:15","0","8,5","284","284","6,868179","0"
"15.05.2018 10:54:35","0","9","851","851","2,031061","0"
"15.05.2018 10:54:55","0","8","283","283","4,753788","0"
"15.05.2018 10:55:15","0","9,5","283","283","4,618021","0"
"15.05.2018 10:55:36","0","8,5","283","283","4,783698","0"
"15.05.2018 10:55:57","0","9","851","851","2,715708","0"
"15.05.2018 10:56:18","0","9","851","851","5,494831","0"
"15.05.2018 10:56:39","0","9,5","283","283","4,816943","0"
"15.05.2018 10:57:00","0","9","283","283","3,625026","0"
"15.05.2018 10:57:21","0","9","850","850","6,138577","0"
"15.05.2018 10:57:41","0","9,5","851","851","4,860021","0"
"15.05.2018 10:58:03","0","8","283","283","2,905096","0"
"15.05.2018 10:58:24","0","8,5","283","283","3,421278","0"
"15.05.2018 10:58:44","0","9","283","283","1,653817","0"
"15.05.2018 10:59:05","0","8,5","283","283","4,548272","0"
"15.05.2018 10:59:26","0","8,5","283","283","1,920806","0"
"15.05.2018 10:59:46","0","8,5","283","283","1,680531","0"
"15.05.2018 11:00:07","0","9,5","283","283","6,711359","0"
"15.05.2018 11:00:27","0","9,5","283","283","5,832382","0"
"15.05.2018 11:00:47","0","8","851","851","5,279527","0"
"15.05.2018 11:01:08","0","9","283","283","5,890386","0"
"15.05.2018 11:01:29","0","10","851","851","10,27524","0"
"15.05.2018 11:01:49","0","8,5","850","850","7,117357","0"
"15.05.2018 11:02:09","0","8,5","283","283","2,395746","0"
"15.05.2018 11:02:30","0","8,5","851","851","1,702988","0"
"15.05.2018 11:02:50","0","9,5","851","851","6,300213","0"
"15.05.2018 11:03:10","0","9,5","851","851","6,84518","0"
"15.05.2018 11:03:30","0","10","851","850","8,888673","0"
"15.05.2018 11:03:50","0","10","283","283","4,755146","0"
"15.05.2018 11:04:10","0","9","283","283","6,009625","0"
"15.05.2018 11:04:30","0","8,5","851","851","1,893811","0"
"15.05.2018 11:04:51","0","8,5","283","283","4,135565","0"
"15.05.2018 11:05:11","0","8","851","851","4,883681","0"
"15.05.2018 11:05:31","0","9","283","283","5,702148","0"
"15.05.2018 11:05:51","0","8,5","851","851","4,761504","0"
"15.05.2018 11:06:13","0","9,5","283","283","6,175404","0"
"15.05.2018 11:06:33","0","9","283","283","2,247315","0"
"15.05.2018 11:06:53","0","9,5","851","851","4,940548","0"
"15.05.2018 11:07:13","0","9,5","283","283","6,172174","0"
"15.05.2018 11:07:33","0","8,5","283","283","1,971027","0"
"15.05.2018 11:07:54","0","9","851","851","3,014575","0"
"15.05.2018 11:08:15","0","9,5","283","283","6,890926","0"
"15.05.2018 11:08:35","0","8,5","283","283","4,487329","0"
"15.05.2018 11:08:55","0","8","851","851","1,756705","0"
"15.05.2018 11:09:16","0","8,5","283","283","1,552567","0"
"15.05.2018 11:09:36","0","8","283","283","1,725177","0"
"15.05.2018 11:09:56","0","8","851","851","5,355493","0"
"15.05.2018 11:10:16","0","9,5","851","851","4,698953","0"
"15.05.2018 11:10:36","0","8,5","851","851","2,932872","0"
"15.05.2018 11:10:56","0","8,5","283","283","1,91484","0"
"15.05.2018 11:11:17","0","8,5","283","283","4,439165","0"
"15.05.2018 11:11:38","0","10","283","283","5,110414","0"
"15.05.2018 11:11:59","0","11,5","851","851","6,174396","0"
"15.05.2018 11:12:19","0","10","283","283","5,081211","0"
"15.05.2018 11:12:39","0","8,5","283","283","3,456297","0"
"15.05.2018 11:12:59","0","8,5","283","283","1,884739","0"
"15.05.2018 11:13:19","0","8","283","283","1,875741","0"
"15.05.2018 11:13:40","0","8","851","851","5,47787","0"
"15.05.2018 11:14:00","0","8,5","851","851","2,363524","0"
"15.05.2018 11:14:21","0","8","851","851","3,463873","0"
"15.05.2018 11:14:42","0","8,5","851","851","2,58978","0"
"15.05.2018 11:15:02","0","8,5","851","851","4,600359","0"
"15.05.2018 11:15:22","0","9,5","851","851","9,471307","0"
"15.05.2018 11:15:42","0","10","851","851","5,709907","0"
"15.05.2018 11:16:02","0","9,5","850","850","8,095664","0"
"15.05.2018 11:16:22","0","8,5","283","283","1,022978","0"
"15.05.2018 11:16:42","0","10","283","283","7,957381","0"
"15.05.2018 11:17:02","0","9,5","851","851","5,256322","0"
"15.05.2018 11:17:23","0","8","283","283","1,580324","0"
"15.05.2018 11:17:43","0","9","283","283","2,03716","0"
"15.05.2018 11:18:03","0","9","283","283","1,913619","0"
"15.05.2018 11:18:24","0","8","283","283","1,861733","0"
"15.05.2018 11:18:44","0","9,5","283","283","4,342309","0"
"15.05.2018 11:19:04","0","8,5","283","283","5,341304","0"
"15.05.2018 11:19:24","0","9","283","283","5,241646","0"
"15.05.2018 11:19:44","0","9,5","851","851","9,212103","0"
"15.05.2018 11:20:04","0","9,5","283","283","4,701953","0"
"15.05.2018 11:20:24","0","9,5","283","283","4,534782","0"
"15.05.2018 11:20:44","0","9,5","283","283","4,283206","0"
"15.05.2018 11:21:04","0","10","283","283","4,394316","0"
"15.05.2018 11:21:25","0","8,5","851","851","2,624756","0"
"15.05.2018 11:21:46","0","10","283","283","6,801503","0"
"15.05.2018 11:22:07","0","8,5","283","283","2,67301","0"
"15.05.2018 11:22:27","0","8","851","851","5,933623","0"
"15.05.2018 11:24:09","0","9,5","851","851","5,882847","0"
"15.05.2018 11:24:30","0","9,5","851","847","9,345692","0"
"15.05.2018 11:24:51","0","9,5","283","283","6,541277","0"
"15.05.2018 11:25:11","0","9,5","283","283","7,96067","0"
"15.05.2018 11:25:31","0","8,5","283","283","2,509615","0"
"15.05.2018 11:25:52","0","8,5","283","283","2,780715","0"
"15.05.2018 11:26:12","0","9","851","851","5,925184","0"
"15.05.2018 11:26:32","0","8,5","851","851","1,86131","0"
"15.05.2018 11:26:53","0","8","283","283","1,357322","0"
"15.05.2018 11:27:13","0","8,5","283","283","3,25445","0"
"15.05.2018 11:27:33","0","8,5","851","851","2,864979","0"
"15.05.2018 11:27:53","0","8,5","283","283","5,457704","0"
"15.05.2018 11:28:13","0","9,5","851","851","8,178041","0"
"15.05.2018 11:28:33","0","9,5","283","283","4,8641","0"
"15.05.2018 11:28:55","0","19","851","851","15,05392","0"
"15.05.2018 11:29:16","0","10","283","283","5,303809","0"
"15.05.2018 11:29:36","0","9,5","850","850","9,619254","0"
"15.05.2018 11:29:57","0","8,5","283","283","2,461753","0"
"15.05.2018 11:30:17","0","8,5","851","851","2,461465","0"
"15.05.2018 11:30:37","0","8,5","850","850","6,70656","0"
"15.05.2018 11:30:58","0","8","283","283","1,393381","0"
"15.05.2018 11:31:18","0","8","851","851","4,7906","0"
"15.05.2018 11:31:38","0","9","851","851","2,434587","0"
"15.05.2018 11:31:58","0","9,5","850","850","8,547457","0"
"15.05.2018 11:32:19","0","8,5","283","283","1,69374","0"
"15.05.2018 11:32:39","0","9,5","851","851","5,015175","0"
"15.05.2018 11:33:00","0","8","283","283","3,717313","0"
"15.05.2018 11:33:20","0","9,5","852","852","9,081746","0"
"15.05.2018 11:33:40","0","8,5","283","283","1,63101","0"
"15.05.2018 11:34:00","0","9,5","851","851","6,408782","0"
"15.05.2018 11:34:20","0","9,5","283","283","4,21982","0"
"15.05.2018 11:34:40","0","8","851","851","6,181932","0"
"15.05.2018 11:35:00","0","10","283","283","5,379239","0"
"15.05.2018 11:35:21","0","9,5","851","851","4,702762","0"
"15.05.2018 11:35:41","0","8","283","283","5,997569","0"
"15.05.2018 11:36:01","0","9,5","283","283","4,292381","0"
"15.05.2018 11:36:21","0","8,5","851","851","2,560591","0"
"15.05.2018 11:36:41","0","9,5","851","851","8,598029","0"
"15.05.2018 11:37:01","0","9,5","283","283","7,010463","0"
"15.05.2018 11:37:21","0","9","283","283","5,529335","0"
"15.05.2018 11:37:41","0","8,5","283","283","2,309842","0"
"15.05.2018 11:38:02","0","8","283","283","1,829308","0"
"15.05.2018 11:38:22","0","9,5","283","283","4,222054","0"
"15.05.2018 11:38:43","0","8,5","851","851","5,080501","0"
"15.05.2018 11:39:03","0","9,5","283","283","4,693111","0"
"15.05.2018 11:39:24","0","8,5","283","283","4,504557","0"
"15.05.2018 11:39:45","0","8,5","283","283","2,489553","0"
"15.05.2018 11:40:05","0","8","283","283","2,699029","0"
"15.05.2018 11:40:25","0","8,5","851","851","5,04893","0"
"15.05.2018 11:40:45","0","8","283","283","4,405773","0"
"15.05.2018 11:41:05","0","8","283","283","4,839748","0"
"15.05.2018 11:41:25","0","8","850","850","5,003776","0"
"15.05.2018 11:41:47","0","10","283","283","7,557182","0"
"15.05.2018 11:42:07","0","9,5","283","283","5,110768","0"
"15.05.2018 11:42:27","0","8,5","851","851","6,167739","0"
"15.05.2018 11:42:47","0","9,5","283","283","7,323242","0"
"15.05.2018 11:43:07","0","8,5","850","850","5,116038","0"
"15.05.2018 11:43:28","0","10","283","283","7,92848","0"
"15.05.2018 11:43:49","0","9,5","851","851","5,367594","0"
"15.05.2018 11:44:10","0","8,5","851","842","3,282193","0"
"15.05.2018 11:44:31","0","9,5","283","283","5,562049","0"
"15.05.2018 11:44:51","0","9,5","283","283","4,059309","0"
"15.05.2018 11:45:12","0","9,5","283","283","7,755287","0"
"15.05.2018 11:45:32","0","8,5","851","851","2,043249","0"
"15.05.2018 11:45:52","0","8,5","851","851","4,681544","0"
"15.05.2018 11:46:13","0","8,5","851","851","2,469877","0"
"15.05.2018 11:46:34","0","8,5","283","283","2,83428","0"
"15.05.2018 11:46:54","0","9","283","283","2,099944","0"
"15.05.2018 11:47:15","0","9,5","283","283","4,64435","0"
"15.05.2018 11:47:36","0","8,5","851","851","4,507054","0"
"15.05.2018 11:47:56","0","8","850","850","5,450824","0"
"15.05.2018 11:48:17","0","8,5","851","851","4,453404","0"
"15.05.2018 11:48:38","0","8","851","851","5,184626","0"
"15.05.2018 11:48:58","0","8","850","850","4,767421","0"
"15.05.2018 11:49:19","0","10","851","851","4,73178","0"
"15.05.2018 11:49:39","0","8,5","283","283","4,703466","0"
"15.05.2018 11:49:59","0","8,5","283","283","5,967841","0"
"15.05.2018 11:50:20","0","9,5","283","283","4,490908","0"
"15.05.2018 11:50:40","0","9,5","283","283","4,389524","0"
"15.05.2018 11:51:01","0","10","283","283","4,173243","0"
"15.05.2018 11:51:23","0","8,5","283","283","5,262719","0"
"15.05.2018 11:51:44","0","9,5","851","851","6,049633","0"
"15.05.2018 11:52:05","0","10","851","851","6,571584","0"
"15.05.2018 11:52:26","0","10","283","283","9,863747","0"
"15.05.2018 11:52:47","0","8,5","283","283","1,889545","0"
"15.05.2018 11:53:08","0","9,5","283","283","4,742776","0"
"15.05.2018 11:53:29","0","9,5","851","851","5,200216","0"
"15.05.2018 11:53:50","0","8,5","851","851","4,709942","0"
"15.05.2018 11:54:11","0","10","283","283","7,21153","0"
"15.05.2018 11:54:33","0","8,5","283","283","1,652208","0"
"15.05.2018 11:54:54","0","8,5","283","283","4,54349","0"
"15.05.2018 11:55:15","0","9,5","283","283","4,611988","0"
"15.05.2018 11:55:36","0","9,5","283","283","4,115699","0"
"15.05.2018 11:55:57","0","8","851","851","1,92116","0"
"15.05.2018 11:56:17","0","9","851","848","2,790787","0"
"15.05.2018 11:56:37","0","9,5","851","851","4,835829","0"
"15.05.2018 11:56:57","0","8","851","851","1,720583","0"
"15.05.2018 11:57:17","0","9,5","851","851","6,653569","0"
"15.05.2018 11:57:37","0","9,5","851","851","6,13909","0"
"15.05.2018 11:57:58","0","9,5","851","851","4,555787","0"
"15.05.2018 11:58:18","0","9,5","283","283","5,097023","0"
"15.05.2018 11:58:39","0","10","283","283","3,974005","0"
"15.05.2018 11:58:59","0","9,5","283","283","4,423787","0"
"15.05.2018 11:59:19","0","8,5","283","283","1,865471","0"
"15.05.2018 11:59:39","0","9,5","851","851","9,207501","0"
"15.05.2018 11:59:59","0","8","283","283","1,489463","0"
"15.05.2018 12:00:20","0","9,5","851","846","4,795382","0"
"15.05.2018 12:00:40","0","9,5","283","283","6,106273","0"
"15.05.2018 12:01:00","0","9","851","851","5,27307","0"
"15.05.2018 12:01:21","0","8,5","283","283","6,510633","0"
"15.05.2018 12:01:41","0","8","283","283","3,884321","0"
"15.05.2018 12:02:01","0","8,5","283","283","4,157225","0"
"15.05.2018 12:02:21","0","8,5","283","283","1,782258","0"
"15.05.2018 12:02:41","0","9,5","283","283","8,721002","0"
"15.05.2018 12:03:01","0","9,5","851","851","8,222372","0"
"15.05.2018 12:03:21","0","9,5","283","283","4,393137","0"
"15.05.2018 12:03:41","0","9,5","851","851","5,023145","0"
"15.05.2018 12:04:02","0","8,5","283","283","4,175187","0"
"15.05.2018 12:04:23","0","9,5","283","283","6,145931","0"
"15.05.2018 12:04:43","0","10","283","283","6,788234","0"
"15.05.2018 12:05:03","0","9,5","851","851","9,128663","0"
"15.05.2018 12:05:24","0","9","283","283","4,919157","0"
"15.05.2018 12:05:44","0","9,5","851","851","5,026695","0"
"15.05.2018 12:06:04","0","8,5","851","851","6,112752","0"
"15.05.2018 12:06:24","0","8,5","283","283","2,84117","0"
"15.05.2018 12:06:44","0","9,5","283","283","4,297054","0"
"15.05.2018 12:07:06","0","9,5","851","851","6,78372","0"
"15.05.2018 12:07:27","0","9,5","283","283","4,273286","0"
"15.05.2018 12:07:48","0","9","851","851","5,32556","0"
"15.05.2018 12:08:08","0","9,5","283","283","6,918519","0"
"15.05.2018 12:08:29","0","10,5","284","63","7,107626","0"
"15.05.2018 12:08:29","0","10,5","284","63","7,107626","0"
"15.05.2018 12:08:29","0","10,5","284","63","7,107626","0"
"15.05.2018 12:08:29","0","10,5","284","63","7,107626","0"
"15.05.2018 12:08:29","0","10,5","284","63","7,107626","0"
"15.05.2018 12:08:29","0","10,5","284","63","7,107626","0"
"15.05.2018 12:08:29","0","10,5","284","63","7,107626","0"
"15.05.2018 12:08:29","0","10,5","284","63","7,107626","0"
"15.05.2018 12:08:29","0","10,5","284","63","7,107626","0"
"15.05.2018 12:08:29","0","10,5","284","63","7,107626","0"
"15.05.2018 12:08:29","0","10,5","284","63","7,107626","0"
"15.05.2018 12:08:29","0","10,5","284","63","7,107626","0"
"15.05.2018 12:08:29","0","10,5","284","63","7,107626","0"
"15.05.2018 12:08:29","0","10,5","284","63","7,107626","0"
"15.05.2018 12:08:29","0","10,5","284","63","7,107626","0"
"15.05.2018 12:08:29","0","10,5","284","63","7,107626","0"
"15.05.2018 12:08:29","0","10,5","284","63","7,107626","0"
"15.05.2018 12:08:29","0","10,5","284","63","7,107626","0"
"15.05.2018 12:08:29","0","10,5","284","63","7,107626","0"
"15.05.2018 12:08:29","0","10,5","284","63","7,107626","0"
"15.05.2018 12:08:29","0","10,5","284","63","7,107626","0"
"15.05.2018 12:08:29","0","10,5","284","63","7,107626","0"
"15.05.2018 12:08:29","0","10,5","284","63","7,107626","0"
"15.05.2018 12:08:29","0","10,5","284","63","7,107626","0"
"15.05.2018 12:08:29","0","10,5","284","63","7,107626","0"
"15.05.2018 12:08:29","0","10,5","284","63","7,107626","0"
"15.05.2018 12:08:29","0","10,5","284","63","7,107626","0"
"15.05.2018 12:08:29","0","10,5","284","63","7,107626","0"
"15.05.2018 12:08:29","0","10,5","284","63","7,107626","0"
"15.05.2018 12:08:29","0","10,5","284","63","7,107626","0"
"15.05.2018 12:08:29","0","10,5","284","63","7,107626","0"
"15.05.2018 12:08:29","0","10,5","284","63","7,107626","0"
"15.05.2018 12:08:29","0","10,5","284","63","7,107626","0"
"15.05.2018 12:08:29","0","10,5","284","63","7,107626","0"
"15.05.2018 12:08:29","0","10,5","284","63","7,107626","0"
"15.05.2018 12:08:29","0","10,5","284","63","7,107626","0"
"15.05.2018 12:08:29","0","10,5","284","63","7,107626","0"
"15.05.2018 12:08:29","0","10,5","284","63","7,107626","0"
"15.05.2018 12:08:29","0","10,5","284","63","7,107626","0"
"15.05.2018 12:08:29","0","10,5","284","63","7,107626","0"
"15.05.2018 12:08:29","0","10,5","284","63","7,107626","0"
"15.05.2018 12:08:29","0","10,5","284","63","7,107626","0"
"15.05.2018 12:08:29","0","10,5","284","63","7,107626","0"
"15.05.2018 12:08:29","0","10,5","284","63","7,107626","0"
"15.05.2018 12:08:29","0","10,5","284","63","7,107626","0"
"15.05.2018 12:08:29","0","10,5","284","63","7,107626","0"
"15.05.2018 12:08:29","0","10,5","284","63","7,107626","0"
"15.05.2018 12:08:29","0","10,5","284","63","7,107626","0"
"15.05.2018 12:08:29","0","10,5","284","63","7,107626","0"
"15.05.2018 12:08:29","0","10,5","284","63","7,107626","0"
"15.05.2018 12:08:29","0","10,5","284","63","7,107626","0"
"15.05.2018 12:08:29","0","10,5","284","63","7,107626","0"
"15.05.2018 12:08:29","0","10,5","284","63","7,107626","0"
"15.05.2018 12:08:29","0","10,5","284","63","7,107626","0"
"15.05.2018 12:08:29","0","10,5","284","63","7,107626","0"
"15.05.2018 12:08:29","0","10,5","284","63","7,107626","0"
"15.05.2018 12:08:29","0","10,5","284","63","7,107626","0"
"15.05.2018 12:08:29","0","10,5","284","63","7,107626","0"
"15.05.2018 12:08:29","0","10,5","284","63","7,107626","0"
"15.05.2018 12:08:29","0","10,5","284","63","7,107626","0"
"15.05.2018 12:08:29","0","10,5","284","63","7,107626","0"
"15.05.2018 12:08:29","0","10,5","284","63","7,107626","0"
"15.05.2018 12:08:29","0","10,5","284","63","7,107626","0"
"15.05.2018 12:08:29","0","10,5","284","63","7,107626","0"
"15.05.2018 12:08:29","0","10,5","284","63","7,107626","0"
"15.05.2018 12:08:29","0","10,5","284","63","7,107626","0"
"15.05.2018 12:08:29","0","10,5","284","63","7,107626","0"
"15.05.2018 12:08:29","0","10,5","284","63","7,107626","0"
"15.05.2018 12:08:29","0","10,5","284","63","7,107626","0"
"15.05.2018 12:08:29","0","10,5","284","63","7,107626","0"
"15.05.2018 12:08:29","0","10,5","284","63","7,107626","0"
"15.05.2018 12:08:29","0","10,5","284","63","7,107626","0"
"15.05.2018 12:08:29","0","10,5","284","63","7,107626","0"
"15.05.2018 12:08:29","0","10,5","284","63","7,107626","0"
"15.05.2018 12:08:29","0","10,5","284","63","7,107626","0"
"15.05.2018 12:08:29","0","10,5","284","63","7,107626","0"
"15.05.2018 12:08:29","0","10,5","284","63","7,107626","0"
"15.05.2018 12:08:29","0","10,5","284","63","7,107626","0"
"15.05.2018 12:08:29","0","10,5","284","63","7,107626","0"
"15.05.2018 12:08:29","0","10,5","284","63","7,107626","0"
"15.05.2018 12:08:29","0","10,5","284","63","7,107626","0"
"15.05.2018 12:08:29","0","10,5","284","63","7,107626","0"
"15.05.2018 12:08:29","0","10,5","284","63","7,107626","0"
"15.05.2018 12:08:29","0","10,5","284","63","7,107626","0"
"15.05.2018 12:08:29","0","10,5","284","63","7,107626","0"
"15.05.2018 12:08:29","0","10,5","284","63","7,107626","0"
"15.05.2018 12:08:29","0","10,5","284","63","7,107626","0"
"15.05.2018 12:08:29","0","10,5","284","63","7,107626","0"
"15.05.2018 12:08:29","0","10,5","284","63","7,107626","0"
"15.05.2018 12:08:29","0","10,5","284","63","7,107626","0"
"15.05.2018 12:08:29","0","10,5","284","63","7,107626","0"
"15.05.2018 12:08:29","0","10,5","284","63","7,107626","0"
"15.05.2018 12:08:29","0","10,5","284","63","7,107626","0"
"15.05.2018 12:08:29","0","10,5","284","63","7,107626","0"
"15.05.2018 12:08:29","0","10,5","284","63","7,107626","0"
"15.05.2018 12:08:29","0","10,5","284","63","7,107626","0"
"15.05.2018 12:08:29","0","10,5","284","63","7,107626","0"
"15.05.2018 12:08:29","0","10,5","284","63","7,107626","0"
"15.05.2018 12:08:29","0","10,5","284","63","7,107626","0"
"15.05.2018 12:08:29","0","10,5","284","63","7,107626","0"
"15.05.2018 12:08:29","0","10,5","284","63","7,107626","0"
"15.05.2018 12:08:29","0","10,5","284","63","7,107626","0"
"15.05.2018 12:08:29","0","10,5","284","63","7,107626","0"
"15.05.2018 12:08:29","0","10,5","284","63","7,107626","0"
"15.05.2018 12:08:29","0","10,5","284","63","7,107626","0"
"15.05.2018 12:08:29","0","10,5","284","63","7,107626","0"
"15.05.2018 12:08:29","0","10,5","284","63","7,107626","0"
"15.05.2018 12:08:29","0","10,5","284","63","7,107626","0"
"15.05.2018 12:08:29","0","10,5","284","63","7,107626","0"
"15.05.2018 12:08:29","0","10,5","284","63","7,107626","0"
"15.05.2018 12:08:29","0","10,5","284","63","7,107626","0"
"15.05.2018 12:08:29","0","10,5","284","63","7,107626","0"
"15.05.2018 12:08:29","0","10,5","284","63","7,107626","0"
"15.05.2018 12:08:29","0","10,5","284","63","7,107626","0"
"15.05.2018 12:08:29","0","10,5","284","63","7,107626","0"
"15.05.2018 12:08:29","0","10,5","284","63","7,107626","0"
"15.05.2018 12:08:29","0","10,5","284","63","7,107626","0"
"15.05.2018 12:08:29","0","10,5","284","63","7,107626","0"
"15.05.2018 12:08:29","0","10,5","284","63","7,107626","0"
"15.05.2018 12:08:29","0","10,5","284","63","7,107626","0"
"15.05.2018 12:08:29","0","10,5","284","63","7,107626","0"
"15.05.2018 12:08:29","0","10,5","284","63","7,107626","0"
"15.05.2018 12:08:29","0","10,5","284","63","7,107626","0"
"15.05.2018 12:08:29","0","10,5","284","63","7,107626","0"
"15.05.2018 12:08:29","0","10,5","284","63","7,107626","0"
"15.05.2018 12:08:29","0","10,5","284","63","7,107626","0"
"15.05.2018 12:08:29","0","10,5","284","63","7,107626","0"
"15.05.2018 12:08:29","0","10,5","284","63","7,107626","0"
"15.05.2018 12:08:29","0","10,5","284","63","7,107626","0"
"15.05.2018 12:08:29","0","10,5","284","63","7,107626","0"
"15.05.2018 12:08:29","0","10,5","284","63","7,107626","0"
"15.05.2018 12:08:29","0","10,5","284","63","7,107626","0"
"15.05.2018 12:08:29","0","10,5","284","63","7,107626","0"
"15.05.2018 12:08:29","0","10,5","284","63","7,107626","0"
"15.05.2018 12:08:29","0","10,5","284","63","7,107626","0"
"15.05.2018 12:08:29","0","10,5","284","63","7,107626","0"
"15.05.2018 12:08:29","0","10,5","284","63","7,107626","0"
"15.05.2018 12:08:29","0","10,5","284","63","7,107626","0"
"15.05.2018 12:08:29","0","10,5","284","63","7,107626","0"
"15.05.2018 12:08:29","0","10,5","284","63","7,107626","0"
"15.05.2018 12:08:29","0","10,5","284","63","7,107626","0"
"15.05.2018 12:08:29","0","10,5","284","63","7,107626","0"
"15.05.2018 12:08:29","0","10,5","284","63","7,107626","0"
"15.05.2018 12:08:29","0","10,5","284","63","7,107626","0"
"15.05.2018 12:08:29","0","10,5","284","63","7,107626","0"
"15.05.2018 12:08:29","0","10,5","284","63","7,107626","0"
"15.05.2018 12:08:29","0","10,5","284","63","7,107626","0"
"15.05.2018 12:08:29","0","10,5","284","63","7,107626","0"
"15.05.2018 12:08:29","0","10,5","284","63","7,107626","0"
"15.05.2018 12:08:29","0","10,5","284","63","7,107626","0"
"15.05.2018 12:08:29","0","10,5","284","63","7,107626","0"
"15.05.2018 12:08:29","0","10,5","284","63","7,107626","0"
"15.05.2018 12:08:29","0","10,5","284","63","7,107626","0"
"15.05.2018 12:08:29","0","10,5","284","63","7,107626","0"
"15.05.2018 12:08:29","0","10,5","284","63","7,107626","0"
"15.05.2018 12:08:29","0","10,5","284","63","7,107626","0"
"15.05.2018 12:08:29","0","10,5","284","63","7,107626","0"
"15.05.2018 12:08:29","0","10,5","284","63","7,107626","0"
"15.05.2018 12:08:29","0","10,5","284","63","7,107626","0"
"15.05.2018 12:08:29","0","10,5","284","63","7,107626","0"
"15.05.2018 12:08:29","0","10,5","284","63","7,107626","0"
"15.05.2018 12:08:29","0","10,5","284","63","7,107626","0"
"15.05.2018 12:08:29","0","10,5","284","63","7,107626","0"
"15.05.2018 12:08:29","0","10,5","284","63","7,107626","0"
"15.05.2018 12:08:29","0","10,5","284","63","7,107626","0"
"15.05.2018 12:08:29","0","10,5","284","63","7,107626","0"
"15.05.2018 12:08:29","0","10,5","284","63","7,107626","0"
"15.05.2018 12:08:29","0","10,5","284","63","7,107626","0"
"15.05.2018 12:08:29","0","10,5","284","63","7,107626","0"
"15.05.2018 12:08:29","0","10,5","284","63","7,107626","0"
"15.05.2018 12:08:29","0","10,5","284","63","7,107626","0"
"15.05.2018 12:08:29","0","10,5","284","63","7,107626","0"
"15.05.2018 12:08:29","0","10,5","284","63","7,107626","0"
"15.05.2018 12:08:29","0","10,5","284","63","7,107626","0"
"15.05.2018 12:08:29","0","10,5","284","63","7,107626","0"
"15.05.2018 12:08:29","0","10,5","284","63","7,107626","0"
"15.05.2018 12:08:29","0","10,5","284","63","7,107626","0"
"15.05.2018 12:08:29","0","10,5","284","63","7,107626","0"
"15.05.2018 12:08:29","0","10,5","284","63","7,107626","0"
"15.05.2018 12:08:29","0","10,5","284","63","7,107626","0"
"15.05.2018 12:08:29","0","10,5","284","63","7,107626","0"
"15.05.2018 12:08:29","0","10,5","284","63","7,107626","0"
"15.05.2018 12:08:29","0","10,5","284","63","7,107626","0"
"15.05.2018 12:08:29","0","10,5","284","63","7,107626","0"
"15.05.2018 12:08:29","0","10,5","284","63","7,107626","0"
"15.05.2018 12:08:29","0","10,5","284","63","7,107626","0"
"15.05.2018 12:08:29","0","10,5","284","63","7,107626","0"
"15.05.2018 12:08:29","0","10,5","284","63","7,107626","0"
"15.05.2018 12:08:29","0","10,5","284","63","7,107626","0"
"15.05.2018 12:08:29","0","10,5","284","63","7,107626","0"
"15.05.2018 12:08:29","0","10,5","284","63","7,107626","0"
"15.05.2018 12:08:29","0","10,5","284","63","7,107626","0"
"15.05.2018 12:08:29","0","10,5","284","63","7,107626","0"
"15.05.2018 12:08:29","0","10,5","284","63","7,107626","0"
"15.05.2018 12:08:29","0","10,5","284","63","7,107626","0"
"15.05.2018 12:08:29","0","10,5","284","63","7,107626","0"
"15.05.2018 12:08:29","0","10,5","284","63","7,107626","0"
"15.05.2018 12:08:29","0","10,5","284","63","7,107626","0"
"15.05.2018 12:08:29","0","10,5","284","63","7,107626","0"
"15.05.2018 12:08:29","0","10,5","284","63","7,107626","0"
"15.05.2018 12:08:29","0","10,5","284","63","7,107626","0"
"15.05.2018 12:08:29","0","10,5","284","63","7,107626","0"
"15.05.2018 12:08:29","0","10,5","284","63","7,107626","0"
"15.05.2018 12:08:29","0","10,5","284","63","7,107626","0"
"15.05.2018 12:08:29","0","10,5","284","63","7,107626","0"
"15.05.2018 12:08:29","0","10,5","284","63","7,107626","0"
"15.05.2018 12:08:29","0","10,5","284","63","7,107626","0"
"15.05.2018 12:08:29","0","10,5","284","63","7,107626","0"
"15.05.2018 12:08:29","0","10,5","284","63","7,107626","0"
"15.05.2018 12:08:29","0","10,5","284","63","7,107626","0"
"15.05.2018 12:08:29","0","10,5","284","63","7,107626","0"
"15.05.2018 12:08:29","0","10,5","284","63","7,107626","0"
"15.05.2018 12:08:29","0","10,5","284","63","7,107626","0"
"15.05.2018 12:08:29","0","10,5","284","63","7,107626","0"
"15.05.2018 12:08:29","0","10,5","284","63","7,107626","0"
"15.05.2018 12:08:29","0","10,5","284","63","7,107626","0"
"15.05.2018 12:08:29","0","10,5","284","63","7,107626","0"
"15.05.2018 12:08:29","0","10,5","284","63","7,107626","0"
"15.05.2018 12:08:29","0","10,5","284","63","7,107626","0"
"15.05.2018 12:08:29","0","10,5","284","63","7,107626","0"
"15.05.2018 12:08:29","0","10,5","284","63","7,107626","0"
"15.05.2018 12:08:29","0","10,5","284","63","7,107626","0"
"15.05.2018 12:08:29","0","10,5","284","63","7,107626","0"
"15.05.2018 12:08:29","0","10,5","284","63","7,107626","0"
"15.05.2018 12:08:29","0","10,5","284","63","7,107626","0"
"15.05.2018 12:08:29","0","10,5","284","63","7,107626","0"
"15.05.2018 12:08:29","0","10,5","284","63","7,107626","0"
"15.05.2018 12:08:29","0","10,5","284","63","7,107626","0"
"15.05.2018 12:08:29","0","10,5","284","63","7,107626","0"
"15.05.2018 12:08:29","0","10,5","284","63","7,107626","0"
"15.05.2018 12:08:29","0","10,5","284","63","7,107626","0"
"15.05.2018 12:08:29","0","10,5","284","63","7,107626","0"
"15.05.2018 12:08:29","0","10,5","284","63","7,107626","0"
"15.05.2018 12:08:29","0","10,5","284","63","7,107626","0"
"15.05.2018 12:08:29","0","10,5","284","63","7,107626","0"
"15.05.2018 12:08:29","0","10,5","284","63","7,107626","0"
"15.05.2018 12:08:29","0","10,5","284","63","7,107626","0"
"15.05.2018 12:08:29","0","10,5","284","63","7,107626","0"
"15.05.2018 12:08:29","0","10,5","284","63","7,107626","0"
"15.05.2018 12:08:29","0","10,5","284","63","7,107626","0"
"15.05.2018 12:08:29","0","10,5","284","63","7,107626","0"
"15.05.2018 12:08:29","0","10,5","284","63","7,107626","0"
"15.05.2018 12:08:29","0","10,5","284","63","7,107626","0"
"15.05.2018 12:08:29","0","10,5","284","63","7,107626","0"
"15.05.2018 12:08:29","0","10,5","284","63","7,107626","0"
"15.05.2018 12:08:29","0","10,5","284","63","7,107626","0"
"15.05.2018 12:08:29","0","10,5","284","63","7,107626","0"
"15.05.2018 12:08:29","0","10,5","284","63","7,107626","0"
"15.05.2018 12:08:29","0","10,5","284","63","7,107626","0"
"15.05.2018 12:08:29","0","10,5","284","63","7,107626","0"
"15.05.2018 12:08:29","0","10,5","284","63","7,107626","0"
"15.05.2018 12:08:29","0","10,5","284","63","7,107626","0"
"15.05.2018 12:08:29","0","10,5","284","63","7,107626","0"
"15.05.2018 12:08:29","0","10,5","284","63","7,107626","0"
"15.05.2018 12:08:29","0","10,5","284","63","7,107626","0"
"15.05.2018 12:08:29","0","10,5","284","63","7,107626","0"
"15.05.2018 12:08:29","0","10,5","284","63","7,107626","0"
"15.05.2018 12:08:29","0","10,5","284","63","7,107626","0"
"15.05.2018 12:08:29","0","10,5","284","63","7,107626","0"
"15.05.2018 12:08:29","0","10,5","284","63","7,107626","0"
"15.05.2018 12:08:29","0","10,5","284","63","7,107626","0"
"15.05.2018 12:08:29","0","10,5","284","63","7,107626","0"
"15.05.2018 12:08:29","0","10,5","284","63","7,107626","0"
"15.05.2018 12:08:29","0","10,5","284","63","7,107626","0"
"15.05.2018 12:08:29","0","10,5","284","63","7,107626","0"
"15.05.2018 12:08:29","0","10,5","284","63","7,107626","0"
"15.05.2018 12:08:29","0","10,5","284","63","7,107626","0"
"15.05.2018 12:08:29","0","10,5","284","63","7,107626","0"
"15.05.2018 12:08:29","0","10,5","284","63","7,107626","0"
"15.05.2018 12:08:29","0","10,5","284","63","7,107626","0"
"15.05.2018 12:08:29","0","10,5","284","63","7,107626","0"
"15.05.2018 12:08:29","0","10,5","284","63","7,107626","0"
"15.05.2018 12:08:29","0","10,5","284","63","7,107626","0"
"15.05.2018 12:08:29","0","10,5","284","63","7,107626","0"
"15.05.2018 12:08:29","0","10,5","284","63","7,107626","0"
"15.05.2018 12:08:29","0","10,5","284","63","7,107626","0"
"15.05.2018 12:08:29","0","10,5","284","63","7,107626","0"
"15.05.2018 12:08:29","0","10,5","284","63","7,107626","0"
"15.05.2018 12:08:29","0","10,5","284","63","7,107626","0"
"15.05.2018 12:08:29","0","10,5","284","63","7,107626","0"
"15.05.2018 12:08:29","0","10,5","284","63","7,107626","0"
"15.05.2018 12:08:29","0","10,5","284","63","7,107626","0"
"15.05.2018 12:08:29","0","10,5","284","63","7,107626","0"
"15.05.2018 12:08:29","0","10,5","284","63","7,107626","0"
"15.05.2018 12:08:29","0","10,5","284","63","7,107626","0"
"15.05.2018 12:08:29","0","10,5","284","63","7,107626","0"
"15.05.2018 12:08:29","0","10,5","284","63","7,107626","0"
"15.05.2018 12:08:29","0","10,5","284","63","7,107626","0"
"15.05.2018 12:08:29","0","10,5","284","63","7,107626","0"
"15.05.2018 12:08:29","0","10,5","284","63","7,107626","0"
"15.05.2018 12:08:29","0","10,5","284","63","7,107626","0"
"15.05.2018 12:08:29","0","10,5","284","63","7,107626","0"
"15.05.2018 12:08:29","0","10,5","284","63","7,107626","0"
"15.05.2018 12:08:29","0","10,5","284","63","7,107626","0"
"15.05.2018 12:08:29","0","10,5","284","63","7,107626","0"
"15.05.2018 12:08:29","0","10,5","284","63","7,107626","0"
"15.05.2018 12:08:29","0","10,5","284","63","7,107626","0"
"15.05.2018 12:08:29","0","10,5","284","63","7,107626","0"
"15.05.2018 12:08:29","0","10,5","284","63","7,107626","0"
"15.05.2018 12:19:32","0","478","851","844","586,5978","0"
"15.05.2018 12:19:54","0","139,5","744","723","281,0661","0"
"15.05.2018 12:20:20","0","96","283","282","121,1607","0"
"15.05.2018 12:20:45","0","56","851","846","99,46687","0"
"15.05.2018 12:21:07","0","69","851","841","109,2821","0"
"15.05.2018 12:21:28","0","76,5","283","283","105,0364","0"
"15.05.2018 12:21:49","0","100","851","843","129,1822","0"
"15.05.2018 12:22:16","0","92,5","709","708","152,1187","0"
"15.05.2018 12:22:38","0","290,5","283","244","536,6947","0"
"15.05.2018 12:23:01","0","92","852","842","206,2511","0"
"15.05.2018 12:23:29","0","114","851","849","183,8152","0"
"15.05.2018 12:24:08","0","142,5","851","839","141,468","0"
"15.05.2018 12:24:41","0","115","853","851","135,65","0"
"15.05.2018 12:25:12","0","116,5","283","282","234,7364","0"
"15.05.2018 12:25:38","0","158","851","837","145,8541","0"
"15.05.2018 12:26:05","0","121","851","849","239,5435","0"
"15.05.2018 12:26:29","0","141,5","850","849","216,1259","0"
"15.05.2018 12:26:52","0","222","851","795","94,40246","0"
"15.05.2018 12:27:15","0","109,5","660","591","227,1019","0"
"15.05.2018 12:27:39","0","322","851","836","306,2227","0"
"15.05.2018 12:28:03","0","82","689","666","360,6304","0"
"15.05.2018 12:28:26","0","137","284","284","393,3626","0"
"15.05.2018 12:28:48","0","199","284","281","305,5797","0"
"15.05.2018 12:29:11","0","194,5","851","850","199,6716","0"
"15.05.2018 12:29:34","0","155","735","735","262,0028","0"
"15.05.2018 12:29:57","0","355,5","283","261","310,9962","0"
"15.05.2018 12:30:22","0","291,5","852","852","755,7244","0"
"15.05.2018 12:30:48","0","182","701","699","374,1975","0"
"15.05.2018 12:31:11","0","213,5","283","276","321,894","0"
"15.05.2018 12:31:37","0","128,5","284","284","319,7022","0"
"15.05.2018 12:32:01","0","156,5","851","830","199,0974","0"
"15.05.2018 12:32:24","0","318,5","851","851","281,5488","0"
"15.05.2018 12:32:48","0","103,5","283","282","443,0177","0"
"15.05.2018 12:33:11","0","119,5","283","277","315,0202","0"
"15.05.2018 12:33:33","0","123,5","284","283","273,6904","0"
"15.05.2018 12:33:57","0","163,5","283","281","334,9652","0"
"15.05.2018 12:34:20","0","209","851","851","290,4108","0"
"15.05.2018 12:34:43","0","131","283","265","330,0353","0"
"15.05.2018 12:35:05","0","169,5","283","283","314,4564","0"
"15.05.2018 12:35:26","0","168","283","283","282,3658","0"
"15.05.2018 12:35:49","0","111,5","284","279","201,6175","0"
"15.05.2018 12:36:12","0","87,5","284","284","443,0262","0"
"15.05.2018 12:36:34","0","69","851","851","143,7426","0"
"15.05.2018 12:36:56","0","159,5","283","278","252,3781","0"
"15.05.2018 12:37:18","0","480","283","273","261,7402","0"
"15.05.2018 12:37:41","0","211","283","283","337,2055","0"
"15.05.2018 12:38:03","0","127,5","850","837","292,5626","0"
"15.05.2018 12:38:25","0","258","283","283","315,2605","0"
"15.05.2018 12:38:47","0","351,5","283","254","524,4044","0"
"15.05.2018 12:39:15","0","81,5","283","283","172,674","0"
"15.05.2018 12:39:39","0","146","709","709","265,6754","0"
"15.05.2018 12:40:01","0","128","851","843","292,0517","0"
"15.05.2018 12:43:11","0","215,5","284","284","364,2284","0"
"15.05.2018 12:43:34","0","307","283","275","465,2534","0"
"15.05.2018 12:43:56","0","281","790","765","415,7318","0"
"15.05.2018 12:44:19","0","123","284","283","242,4386","0"
"15.05.2018 12:44:43","0","103,5","664","599","313,1153","0"
"15.05.2018 12:45:07","0","267,5","283","282","809,5576","0"
"15.05.2018 12:45:32","0","258","850","847","1018,192","0"
"15.05.2018 12:45:58","0","160,5","851","851","255,4256","0"
"15.05.2018 12:46:22","0","90","851","849","243,6013","0"
"15.05.2018 12:46:45","0","152,5","851","851","161,3883","0"
"15.05.2018 12:47:07","0","148","283","283","173,4272","0"
"15.05.2018 12:47:28","0","77,5","852","841","227,8531","0"
"15.05.2018 12:47:52","0","523","283","256","1299,414","0"
"15.05.2018 12:49:44","0","195","283","281","502,5815","0"
"15.05.2018 12:50:09","0","228","851","847","542,1323","0"
"15.05.2018 12:50:31","0","118,5","283","276","304,0096","0"
"15.05.2018 12:50:52","0","118","851","849","282,2658","0"
"15.05.2018 12:51:16","0","179,5","710","688","384,4716","0"
"15.05.2018 12:51:39","0","361","283","256","565,1654","0"
"15.05.2018 12:52:03","0","172","283","278","517,5502","0"
"15.05.2018 12:52:28","0","143,5","851","820","192,7256","0"
"15.05.2018 12:52:49","0","157","686","684","205,1293","0"
"15.05.2018 12:53:12","0","241","851","851","352,0273","0"
"15.05.2018 12:53:36","0","261,5","283","282","643,7891","0"
"15.05.2018 12:54:01","0","135","851","807","341,0767","0"
"15.05.2018 12:54:23","0","598","283","259","906,9845","0"
"15.05.2018 12:54:51","0","525,5","634","631","398,2283","0"
"15.05.2018 12:55:15","0","182,5","852","846","787,4489","0"
"15.05.2018 12:55:42","0","3382,5","850","796","3802,596","0,001468429"
"15.05.2018 12:56:11","0","311,5","284","259","861,4612","0"
"15.05.2018 12:56:40","0","408","283","275","1396,555","0"
"15.05.2018 12:57:05","0","289","564","541","620,4049","0"
"15.05.2018 12:57:32","0","926,5","851","753","1077,958","0"
"15.05.2018 12:58:04","0","394","284","264","805,2831","0"
"15.05.2018 12:58:04","0","394","284","264","805,2831","0"
"15.05.2018 12:58:48","0","153,5","283","279","337,2707","0"
"15.05.2018 12:59:13","0","59,5","853","847","105,2309","0"
"15.05.2018 12:59:37","0","2911,5","840","381","4776,057","0"
"15.05.2018 12:59:37","0","2911,5","840","381","4776,057","0"
"15.05.2018 12:59:37","0","2911,5","840","381","4776,057","0"
"15.05.2018 12:59:37","0","2911,5","840","381","4776,057","0"
"15.05.2018 12:59:37","0","2911,5","840","381","4776,057","0"
"15.05.2018 12:59:37","0","2911,5","840","381","4776,057","0"
"15.05.2018 12:59:37","0","2911,5","840","381","4776,057","0"
"15.05.2018 12:59:37","0","2911,5","840","381","4776,057","0"
"15.05.2018 12:59:37","0","2911,5","840","381","4776,057","0"
"15.05.2018 12:59:37","0","2911,5","840","381","4776,057","0"
"15.05.2018 12:59:37","0","2911,5","840","381","4776,057","0"
"15.05.2018 12:59:37","0","2911,5","840","381","4776,057","0"
"15.05.2018 12:59:37","0","2911,5","840","381","4776,057","0"
"15.05.2018 12:59:37","0","2911,5","840","381","4776,057","0"
"15.05.2018 12:59:37","0","2911,5","840","381","4776,057","0"
"15.05.2018 12:59:37","0","2911,5","840","381","4776,057","0"
"15.05.2018 12:59:37","0","2911,5","840","381","4776,057","0"
"15.05.2018 12:59:37","0","2911,5","840","381","4776,057","0"
"15.05.2018 12:59:37","0","2911,5","840","381","4776,057","0"
"15.05.2018 12:59:37","0","2911,5","840","381","4776,057","0"
"15.05.2018 12:59:37","0","2911,5","840","381","4776,057","0"
"15.05.2018 12:59:37","0","2911,5","840","381","4776,057","0"
"15.05.2018 12:59:37","0","2911,5","840","381","4776,057","0"
"15.05.2018 12:59:37","0","2911,5","840","381","4776,057","0"
"15.05.2018 12:59:37","0","2911,5","840","381","4776,057","0"
"15.05.2018 12:59:37","0","2911,5","840","381","4776,057","0"
"15.05.2018 12:59:37","0","2911,5","840","381","4776,057","0"
"15.05.2018 12:59:37","0","2911,5","840","381","4776,057","0"
"15.05.2018 12:59:37","0","2911,5","840","381","4776,057","0"
"15.05.2018 12:59:37","0","2911,5","840","381","4776,057","0"
"15.05.2018 12:59:37","0","2911,5","840","381","4776,057","0"
"15.05.2018 12:59:37","0","2911,5","840","381","4776,057","0"
"15.05.2018 12:59:37","0","2911,5","840","381","4776,057","0"
"15.05.2018 12:59:37","0","2911,5","840","381","4776,057","0"
"15.05.2018 12:59:37","0","2911,5","840","381","4776,057","0"
"15.05.2018 12:59:37","0","2911,5","840","381","4776,057","0"
"15.05.2018 12:59:37","0","2911,5","840","381","4776,057","0"
"15.05.2018 12:59:37","0","2911,5","840","381","4776,057","0"
"15.05.2018 12:59:37","0","2911,5","840","381","4776,057","0"
                                                               "16.05.2018 08:39:06","0","35,5","283","283","199,0309","0,01115242"
"16.05.2018 08:39:27","0","88","283","283","179,1433","0,007434944"
"16.05.2018 08:39:48","0","93,5","283","283","165,65","0,01102941"
"16.05.2018 08:40:09","0","90,5","283","282","209,9788","0,003717472"
"16.05.2018 08:40:30","0","62","283","283","198,6723","0,03333334"
"16.05.2018 08:42:12","0","44,5","851","851","155,7145","0,09390244"
"16.05.2018 08:42:33","0","37,5","618","616","119,5437","0,03466205"
"16.05.2018 08:42:53","0","44","283","283","168,1083","0,0112782"
"16.05.2018 08:43:15","0","132,5","851","851","133,5721","0,02068127"
"16.05.2018 08:43:36","0","35","283","283","165,3134","0,01851852"
"16.05.2018 08:43:56","0","48","283","283","152,1644","0,01111111"
"16.05.2018 08:44:18","0","30","283","283","194,5987","0,02255639"
"16.05.2018 08:44:38","0","44,5","283","283","161,3618","0,01858736"
"16.05.2018 08:45:00","0","52,5","283","283","159,2126","0,003717472"
"16.05.2018 08:45:21","0","43","851","850","123,0537","0,0431566"
"16.05.2018 08:45:42","0","53","851","851","127,9862","0,03233831"
"16.05.2018 08:46:03","0","61,5","851","851","111,669","0,05058824"
"16.05.2018 08:46:29","0","41","851","851","105,2789","0,03822441"
"16.05.2018 08:46:50","0","47","283","283","179,7368","0,02962963"
"16.05.2018 08:47:11","0","67","283","283","150,1415","0,02592593"
"16.05.2018 08:47:32","0","85","283","283","209,3438","0,02230483"
"16.05.2018 08:47:53","0","51,5","283","283","164,3839","0,02222222"
"16.05.2018 08:48:15","0","50,5","283","282","159,8679","0,01481481"
"16.05.2018 08:48:36","0","56","283","283","193,3579","0,02973978"
"16.05.2018 08:48:57","0","61","283","283","161,7878","0,02602231"
"16.05.2018 08:49:18","0","63,5","283","283","170,4917","0,01851852"
"16.05.2018 08:49:39","0","67","283","283","143,0865","0,03690037"
"16.05.2018 08:50:00","0","42,5","283","283","196,2069","0,003745318"
"16.05.2018 08:50:21","0","36,5","851","850","115,3346","0,03945746"
"16.05.2018 08:50:43","0","44,5","283","283","174,4906","0,02222222"
"16.05.2018 08:51:04","0","81","851","851","111,382","0,04039168"
"16.05.2018 08:51:25","0","87","283","283","200,237","0,02631579"
"16.05.2018 08:51:46","0","28,5","850","550","217,7389","0,02002503"
"16.05.2018 08:52:07","0","89,5","283","283","183,9596","0,01486989"
"16.05.2018 08:52:28","0","55","283","283","188,6362","0,01115242"
"16.05.2018 08:52:50","0","35,5","851","851","117,8438","0,03764706"
"16.05.2018 08:53:11","0","76,5","727","727","121,6076","0,06997085"
"16.05.2018 08:53:32","0","65","283","283","215,5507","0,01119403"
"16.05.2018 08:53:53","0","56,5","851","851","124,3153","0,03379224"
"16.05.2018 08:54:15","0","35,5","850","840","154,8308","0,03651354"
"16.05.2018 08:54:36","0","79","717","710","209,2018","0,03004292"
"16.05.2018 08:54:57","0","62","283","283","203,476","0,01503759"
"16.05.2018 08:55:18","0","67,5","283","283","167,2612","0,01858736"
"16.05.2018 08:55:39","0","43,5","283","283","164,3105","0,02602231"
"16.05.2018 08:56:01","0","42,5","283","283","166,8403","0,007407407"
"16.05.2018 08:56:22","0","58","851","848","114,6024","0,06165228"
"16.05.2018 08:56:42","0","60,5","283","282","180,0698","0,03383459"
"16.05.2018 08:57:04","0","53,5","687","687","128,3646","0,04496124"
"16.05.2018 08:57:25","0","42,5","284","284","147,2289","0,01845018"
"16.05.2018 08:57:47","0","58","652","652","125,705","0,02427184"
"16.05.2018 08:58:07","0","56,5","851","851","112,3178","0,04197531"
"16.05.2018 08:58:28","0","44,5","851","851","144,8328","0,07425743"
"16.05.2018 08:58:49","0","75,5","283","283","178,7452","0,02583026"
"16.05.2018 08:59:10","0","43,5","851","851","111,8751","0,03213844"
"16.05.2018 08:59:31","0","46","851","851","119,2871","0,03094059"
"16.05.2018 08:59:53","0","38","283","283","192,5423","0,007407407"
"16.05.2018 09:00:14","0","130,5","851","850","118,9106","0,03875"
"16.05.2018 09:00:35","0","45,5","283","282","219,8043","0,02238806"
"16.05.2018 09:00:56","0","68,5","283","283","170,5982","0,01851852"
"16.05.2018 09:01:17","0","47,5","283","283","165,9071","0,02621723"
"16.05.2018 09:01:37","0","40,5","283","283","160,2923","0,007407407"
"16.05.2018 09:01:58","0","38,5","283","283","176,4767","0,01481481"
"16.05.2018 09:02:19","0","62","283","283","185,0813","0,01858736"
"16.05.2018 09:04:02","0","35,5","851","851","92,76941","0,03389831"
"16.05.2018 09:04:23","0","79","283","283","157,9309","0,007380074"
"16.05.2018 09:04:44","0","82,5","283","282","179,0875","0,007434944"
"16.05.2018 09:05:05","0","40,5","851","851","101,703","0,02592593"
"16.05.2018 09:05:25","0","29,5","283","283","154,3531","0,01858736"
"16.05.2018 09:05:46","0","122,5","283","283","202,3488","0,003759399"
"16.05.2018 09:06:07","0","71,5","283","283","169,3069","0,01111111"
"16.05.2018 09:06:28","0","41,5","283","283","170,7877","0,007434944"
"16.05.2018 09:06:50","0","47","283","283","168,1651","0,02222222"
"16.05.2018 09:08:31","0","88,5","850","850","128,0571","0,06242638"
"16.05.2018 09:08:52","0","50","283","283","180,752","0,01865672"
"16.05.2018 09:10:34","0","68","283","283","192,02","0,01851852"
"16.05.2018 09:10:55","0","49,5","283","283","216,59","0,02592593"
"16.05.2018 09:11:16","0","74","851","851","126,1964","0,05385557"
"16.05.2018 09:11:37","0","93","283","283","221,5518","0,02238806"
"16.05.2018 09:11:57","0","47","283","283","201,2707","0,01872659"
"16.05.2018 09:12:18","0","92","851","834","139,1251","0,04820766"
"16.05.2018 09:12:40","0","65","283","283","188,7358","0,01845018"
"16.05.2018 09:13:01","0","68","284","281","171,8729","0,02205882"
"16.05.2018 09:13:22","0","66,5","283","283","170,5027","0,01111111"
"16.05.2018 09:13:43","0","72,5","283","281","171,2579","0,007518797"
"16.05.2018 09:14:04","0","38","283","283","167,0594","0,02592593"
"16.05.2018 09:14:25","0","74,5","851","851","134,7099","0,04785276"
"16.05.2018 09:16:07","0","116,5","851","851","120,7697","0,04428044"
"16.05.2018 09:16:28","0","51","283","283","196,8951","0,01503759"
"16.05.2018 09:16:49","0","35,5","283","283","155,2645","0,01115242"
"16.05.2018 09:17:10","0","61","284","282","169,5752","0,01481481"
"16.05.2018 09:17:31","0","65,5","283","283","164,8558","0,01851852"
"16.05.2018 09:17:52","0","31,5","851","851","109,9692","0,05968331"
"16.05.2018 09:18:13","0","59,5","851","851","102,5794","0,04691358"
"16.05.2018 09:18:33","0","64,5","283","283","170,0455","0,01886792"
"16.05.2018 09:18:53","0","34,5","283","283","174,84","0,02996255"
"16.05.2018 09:19:13","0","77,5","283","283","188,0838","0,01872659"
"16.05.2018 09:19:35","0","87","283","283","169,6395","0,007434944"
"16.05.2018 09:19:55","0","109","851","850","121,672","0,05328377"
"16.05.2018 09:20:17","0","32,5","283","283","167,1079","0,01824817"
"16.05.2018 09:20:37","0","37,5","283","283","183,022","0,02962963"
"16.05.2018 09:20:57","0","70","851","850","123,5896","0,05064782"
"16.05.2018 09:21:19","0","94,5","283","283","186,8803","0,02973978"
"16.05.2018 09:21:40","0","44","283","283","183,1267","0,01111111"
"16.05.2018 09:22:01","0","76,5","851","849","114,3978","0,05816832"
"16.05.2018 09:22:21","0","92","851","851","146,2919","0,04352941"
"16.05.2018 09:22:41","0","78","283","283","191,4904","0,01886792"
"16.05.2018 09:23:02","0","41","283","283","227,2325","0,03345725"
"16.05.2018 09:23:24","0","36","283","283","185,8838","0,02230483"
"16.05.2018 09:25:06","0","62,5","851","850","125,2523","0,04176904"
"16.05.2018 09:25:27","0","46,5","283","283","175,8173","0,02222222"
"16.05.2018 09:25:48","0","38,5","851","850","149,3167","0,06503067"
"16.05.2018 09:26:10","0","50,5","283","283","163,7319","0,01851852"
"16.05.2018 09:26:31","0","41,5","283","282","192,1376","0,01111111"
"16.05.2018 09:26:52","0","66","283","283","176,3548","0,02247191"
"16.05.2018 09:27:12","0","87","283","283","183,0821","0,02247191"
"16.05.2018 09:27:32","0","67","283","283","216,7524","0,02197802"
"16.05.2018 09:27:53","0","56","851","851","102,0307","0,03831891"
"16.05.2018 09:28:15","0","46,5","850","850","113,0241","0,04808878"
"16.05.2018 09:28:36","0","70","283","283","154,7883","0,01851852"
"16.05.2018 09:28:57","0","72","283","283","164,7828","0,01503759"
"16.05.2018 09:29:18","0","35,5","851","843","104,2142","0,04814815"
"16.05.2018 09:30:59","0","60","283","283","172,5792","0,02222222"
"16.05.2018 09:31:20","0","53,5","850","850","110,194","0,05955335"
"16.05.2018 09:31:40","0","51","283","283","153,3596","0,0261194"
"16.05.2018 09:32:00","0","66","283","283","162,1245","0,01119403"
"16.05.2018 09:32:22","0","44,5","851","851","109,2546","0,05647059"
"16.05.2018 09:32:44","0","37","283","283","158,8074","0,01107011"
"16.05.2018 09:33:05","0","52","283","283","164,3447","0,03717472"
"16.05.2018 09:33:25","0","36,5","283","283","174,3337","0,01481481"
"16.05.2018 09:33:45","0","98,5","851","851","107,5615","0,07380074"
"16.05.2018 09:34:06","0","27","283","283","165,5809","0,02973978"
"16.05.2018 09:34:27","0","45,5","851","843","106,4468","0,0519802"
"16.05.2018 09:34:48","0","75,5","283","282","184,9544","0,003703704"
"16.05.2018 09:35:09","0","43","283","283","173,7107","0,01115242"
"16.05.2018 09:35:29","0","58,5","283","283","161,7236","0,03345725"
"16.05.2018 09:37:12","0","77","283","283","166,4037","0,02592593"
"16.05.2018 09:37:33","0","32","283","283","177,166","0,007462686"
"16.05.2018 09:37:54","0","97","851","851","135,8447","0,05679012"
"16.05.2018 09:38:15","0","98","283","283","179,3139","0,01845018"
"16.05.2018 09:38:36","0","85,5","283","283","171,4726","0,03383459"
"16.05.2018 09:38:57","0","60,5","851","849","111,4654","0,03945746"
"16.05.2018 09:39:18","0","62","851","850","118,3126","0,02843016"
"16.05.2018 09:39:38","0","53,5","851","848","104,8139","0,06419753"
"16.05.2018 09:39:58","0","52,5","850","850","116,1857","0,0617284"
"16.05.2018 09:40:20","0","80","283","283","184,3662","0,03358209"
"16.05.2018 09:40:40","0","89","283","283","178,0486","0,0261194"
"16.05.2018 09:41:01","0","68","283","283","177,9923","0,01865672"
"16.05.2018 09:41:21","0","98","283","283","176,6802","0,02222222"
"16.05.2018 09:41:42","0","66","283","283","193,9779","0,04089219"
"16.05.2018 09:42:03","0","50","851","851","130,9827","0,0730198"
"16.05.2018 09:42:24","0","96","283","283","215,2035","0,01492537"
"16.05.2018 09:42:45","0","106","851","849","146,3984","0,07411765"
"16.05.2018 09:43:05","0","42","851","851","117,307","0,05764706"
"16.05.2018 09:44:48","0","67,5","283","283","151,1746","0,02205882"
"16.05.2018 09:45:08","0","45,5","850","850","95,85989","0,04331683"
"16.05.2018 09:45:29","0","54,5","720","720","131,7248","0,05007364"
"16.05.2018 09:45:49","0","51","283","283","195,7918","0,01115242"
"16.05.2018 09:46:09","0","80","851","851","127,5315","0,06041924"
"16.05.2018 09:46:29","0","102","283","283","165,7816","0,01476015"
"16.05.2018 09:46:50","0","59,5","283","283","179,9716","0,01111111"
"16.05.2018 09:47:11","0","37,5","283","283","166,79","0,01481481"
"16.05.2018 09:47:31","0","81,5","851","848","106,8437","0,06311882"
"16.05.2018 09:47:51","0","60,5","283","283","184,2681","0,03717472"
"16.05.2018 09:48:13","0","52,5","851","851","105,2454","0,04674047"
"16.05.2018 09:48:33","0","58,5","283","283","165,4113","0,02222222"
"16.05.2018 09:48:54","0","63","491","491","164,592","0,05543237"
"16.05.2018 09:49:14","0","46","851","851","110,5221","0,06459627"
"16.05.2018 09:49:35","0","42","283","283","187,8222","0,02222222"
"16.05.2018 09:49:56","0","39,5","283","283","172,6892","0,01115242"
"16.05.2018 09:50:17","0","89,5","283","283","148,9478","0,02573529"
"16.05.2018 09:50:38","0","71","850","850","112,424","0,05418719"
"16.05.2018 09:51:01","0","235","366","24","175,8917","0"
"16.05.2018 09:51:01","0","235","366","24","175,8917","0"
"16.05.2018 09:51:01","0","235","366","24","175,8917","0"
"16.05.2018 09:51:01","0","235","366","24","175,8917","0"
"16.05.2018 09:51:01","0","235","366","24","175,8917","0"
"16.05.2018 09:51:01","0","235","366","24","175,8917","0"
"16.05.2018 09:51:01","0","235","366","24","175,8917","0"
"16.05.2018 09:51:01","0","235","366","24","175,8917","0"
"16.05.2018 09:51:01","0","235","366","24","175,8917","0"
"16.05.2018 09:51:01","0","235","366","24","175,8917","0"
"16.05.2018 09:51:01","0","235","366","24","175,8917","0"
"16.05.2018 09:51:01","0","235","366","24","175,8917","0"
"16.05.2018 09:51:01","0","235","366","24","175,8917","0"
"16.05.2018 09:51:01","0","235","366","24","175,8917","0"
"16.05.2018 09:51:01","0","235","366","24","175,8917","0"
"16.05.2018 09:51:01","0","235","366","24","175,8917","0"
"16.05.2018 09:51:01","0","235","366","24","175,8917","0"
"16.05.2018 10:09:56","0","194","283","281","199,2035","0"
"16.05.2018 10:10:20","0","230","284","278","303,4912","0"
"16.05.2018 10:10:46","0","256,5","787","772","194,04","0"
"16.05.2018 10:11:13","0","158","851","846","180,2115","0"
"16.05.2018 10:11:35","0","197","692","685","276,3725","0"
"16.05.2018 10:11:58","0","138,5","283","281","193,4032","0"
"16.05.2018 10:12:21","0","140","283","281","219,8251","0"
"16.05.2018 10:12:46","0","141,5","283","283","150,7899","0"
"16.05.2018 10:13:08","0","141,5","283","282","178,8781","0"
"16.05.2018 10:13:31","0","168,5","283","283","223,1575","0"
"16.05.2018 10:13:53","0","197","283","265","256,4357","0"
"16.05.2018 10:14:15","0","391,5","851","840","245,2367","0"
"16.05.2018 10:14:41","0","249,5","851","846","364,9106","0"
"16.05.2018 10:15:03","0","230","851","832","198,6111","0"
"16.05.2018 10:16:48","0","167,5","851","851","228,5388","0"
"16.05.2018 10:17:11","0","176,5","851","832","189,2703","0"
"16.05.2018 10:17:33","0","234,5","284","284","234,067","0"
"16.05.2018 10:17:57","0","201","851","848","189,077","0"
"16.05.2018 10:18:20","0","151","851","851","167,6097","0"
"16.05.2018 10:18:42","0","165,5","851","848","204,413","0"
"16.05.2018 10:19:05","0","176","851","836","170,9794","0"
"16.05.2018 10:19:28","0","137","851","835","173,2762","0"
"16.05.2018 10:19:51","0","321","283","275","456,3828","0"
"16.05.2018 10:20:13","0","134","655","640","247,9173","0"
"16.05.2018 10:20:38","0","164","851","845","183,0001","0"
"16.05.2018 10:21:01","0","152,5","283","283","164,2166","0"
"16.05.2018 10:21:24","0","222,5","283","273","217,0647","0"
"16.05.2018 10:21:46","0","192","283","278","208,7278","0"
"16.05.2018 10:22:09","0","181","283","283","137,3341","0"
"16.05.2018 10:22:30","0","328,5","283","265","441,9974","0"
"16.05.2018 10:22:53","0","235","851","848","195,3741","0"
"16.05.2018 10:24:38","0","267,5","283","281","292,9059","0"
"16.05.2018 10:25:03","0","267,5","283","282","178,9325","0"
"16.05.2018 10:26:53","0","348,5","283","275","499,9965","0"
"16.05.2018 10:27:17","0","372","851","835","353,7997","0"
"16.05.2018 10:27:42","0","288,5","851","850","210,1192","0"
"16.05.2018 10:28:05","0","231","851","847","208,1325","0"
"16.05.2018 10:28:28","0","237,5","851","821","229,259","0"
"16.05.2018 10:28:52","0","230,5","682","677","190,3074","0"
"16.05.2018 10:29:16","0","312,5","851","824","189,319","0"
"16.05.2018 10:29:39","0","539","283","273","433,541","0"
"16.05.2018 10:30:04","0","220,5","851","832","223,5662","0"
"16.05.2018 10:30:28","0","316","283","271","453,3711","0"
"16.05.2018 10:30:51","0","309","851","805","280,7992","0"
"16.05.2018 10:31:15","0","247","851","835","165,3395","0"
"16.05.2018 10:31:39","0","309","283","277","237,8399","0"
"16.05.2018 10:32:02","0","379,5","283","270","261,3181","0"
"16.05.2018 10:32:25","0","250","283","276","185,1443","0"
"16.05.2018 10:32:48","0","276","850","814","187,7241","0"
"16.05.2018 10:33:12","0","283","283","277","237,2426","0"
"16.05.2018 10:33:36","0","381","283","260","215,1957","0"
"16.05.2018 10:34:04","0","350,5","283","275","267,0275","0"
"16.05.2018 10:34:28","0","274,5","283","273","246,5458","0"
"16.05.2018 10:34:53","0","287,5","850","809","219,8237","0"
"16.05.2018 10:35:17","0","308","283","273","183,9436","0"
"16.05.2018 10:35:42","0","327","283","277","245,2621","0"
"16.05.2018 10:36:07","0","205","283","274","168,6836","0"
"16.05.2018 10:36:31","0","295,5","851","803","178,7562","0"
"16.05.2018 10:36:56","0","278,5","283","274","212,5165","0"
"16.05.2018 10:37:20","0","317,5","851","794","223,9681","0"
"16.05.2018 10:37:43","0","313,5","283","257","252,2733","0"
"16.05.2018 10:38:07","0","249","851","792","222,7959","0"
"16.05.2018 10:38:31","0","220","283","270","378,0475","0"
"16.05.2018 10:38:56","0","344,5","283","277","254,9892","0"
"16.05.2018 10:39:19","0","190,5","851","840","171,47","0"
"16.05.2018 10:41:05","0","296,5","851","802","236,5768","0"
"16.05.2018 10:41:29","0","240,5","283","267","215,0925","0"
"16.05.2018 10:41:55","0","374,5","851","824","280,4427","0"
"16.05.2018 10:42:20","0","552","667","616","244,575","0"
"16.05.2018 10:42:44","0","223","851","808","217,1624","0"
"16.05.2018 10:43:08","0","278,5","283","253","305,6732","0"
"16.05.2018 10:43:31","0","307,5","283","242","301,6792","0"
"16.05.2018 10:43:58","0","322","851","721","367,5692","0"
"16.05.2018 10:44:27","0","256","688","611","197,7232","0"
"16.05.2018 10:44:50","0","565,5","283","265","352,9803","0"
"16.05.2018 10:45:18","0","442","283","201","1232,058","0"
"16.05.2018 10:45:45","0","366,5","283","249","579,763","0"
"16.05.2018 10:46:10","0","386","283","275","634,3808","0"
"16.05.2018 10:46:35","0","204,5","283","273","1097,185","0"
"16.05.2018 10:46:58","0","267","283","278","553,7214","0"
"16.05.2018 10:47:23","0","772","283","272","896,2609","0"
"16.05.2018 10:47:46","0","526,5","283","270","505,2577","0"
"16.05.2018 10:48:12","0","381,5","283","270","621,2477","0"
"16.05.2018 10:48:36","0","511,5","283","280","875,6373","0"
"16.05.2018 10:49:05","0","554","851","765","1397,244","0,00131579"
"16.05.2018 10:49:31","0","661","283","275","1012,132","0"
"16.05.2018 10:51:10","0","295,5","283","280","657,3375","0"
"16.05.2018 10:51:39","0","578","761","747","944,0374","0"
"16.05.2018 10:52:06","0","1214","283","258","2055,554","0"
"16.05.2018 10:52:06","0","1214","283","258","2055,554","0"
"16.05.2018 10:52:06","0","1214","283","258","2055,554","0"
"16.05.2018 10:52:06","0","1214","283","258","2055,554","0"
"16.05.2018 10:52:06","0","1214","283","258","2055,554","0"
"16.05.2018 10:52:06","0","1214","283","258","2055,554","0"
"16.05.2018 10:52:06","0","1214","283","258","2055,554","0"
"16.05.2018 10:52:06","0","1214","283","258","2055,554","0"
"16.05.2018 10:52:06","0","1214","283","258","2055,554","0"
"16.05.2018 10:52:06","0","1214","283","258","2055,554","0"
"16.05.2018 10:52:06","0","1214","283","258","2055,554","0"
"16.05.2018 10:52:06","0","1214","283","258","2055,554","0"
"16.05.2018 10:52:06","0","1214","283","258","2055,554","0"
"16.05.2018 10:52:06","0","1214","283","258","2055,554","0"
"16.05.2018 10:52:06","0","1214","283","258","2055,554","0"
"16.05.2018 10:52:06","0","1214","283","258","2055,554","0"
"16.05.2018 10:52:06","0","1214","283","258","2055,554","0"
"16.05.2018 10:52:06","0","1214","283","258","2055,554","0"
"16.05.2018 10:52:06","0","1214","283","258","2055,554","0"
"16.05.2018 10:52:06","0","1214","283","258","2055,554","0"
"16.05.2018 10:52:06","0","1214","283","258","2055,554","0"
"16.05.2018 10:52:06","0","1214","283","258","2055,554","0"
"16.05.2018 10:52:06","0","1214","283","258","2055,554","0"
"16.05.2018 10:52:06","0","1214","283","258","2055,554","0"
"16.05.2018 10:52:06","0","1214","283","258","2055,554","0"
"16.05.2018 10:52:06","0","1214","283","258","2055,554","0"
"16.05.2018 10:52:06","0","1214","283","258","2055,554","0"
"16.05.2018 10:52:06","0","1214","283","258","2055,554","0"
"16.05.2018 10:52:06","0","1214","283","258","2055,554","0"
"16.05.2018 10:52:06","0","1214","283","258","2055,554","0"
"16.05.2018 10:52:06","0","1214","283","258","2055,554","0"
"16.05.2018 10:52:06","0","1214","283","258","2055,554","0"
"16.05.2018 10:52:06","0","1214","283","258","2055,554","0"
"16.05.2018 10:52:06","0","1214","283","258","2055,554","0"
"16.05.2018 10:52:06","0","1214","283","258","2055,554","0"
"16.05.2018 10:52:06","0","1214","283","258","2055,554","0"
"16.05.2018 10:52:06","0","1214","283","258","2055,554","0"
"16.05.2018 10:52:06","0","1214","283","258","2055,554","0"
"16.05.2018 10:52:06","0","1214","283","258","2055,554","0"
"16.05.2018 10:52:06","0","1214","283","258","2055,554","0"
"16.05.2018 10:52:06","0","1214","283","258","2055,554","0"
"16.05.2018 10:52:06","0","1214","283","258","2055,554","0"
"16.05.2018 11:00:18","0","1382,5","283","166","1823,515","0"
"16.05.2018 11:00:48","0","446,5","851","845","524,5944","0"
"16.05.2018 11:00:48","0","446,5","851","845","524,5944","0"
"16.05.2018 11:03:02","0","498","283","244","740,1811","0"
"16.05.2018 11:07:15","0","506,5","851","736","2020,831","0"
"16.05.2018 11:07:38","0","990,5","283","268","1331,02","0"
"16.05.2018 11:08:02","0","583,5","849","837","1304,027","0"
"16.05.2018 11:08:27","0","1140","283","213","1470,929","0"
"16.05.2018 11:08:27","0","1140","283","213","1470,929","0"
"16.05.2018 11:08:27","0","1140","283","213","1470,929","0"
"16.05.2018 11:08:27","0","1140","283","213","1470,929","0"
"16.05.2018 11:08:27","0","1140","283","213","1470,929","0"
"16.05.2018 11:08:27","0","1140","283","213","1470,929","0"
"16.05.2018 11:08:27","0","1140","283","213","1470,929","0"
"16.05.2018 11:08:27","0","1140","283","213","1470,929","0"
"16.05.2018 11:08:27","0","1140","283","213","1470,929","0"
"16.05.2018 11:08:27","0","1140","283","213","1470,929","0"
"16.05.2018 11:08:27","0","1140","283","213","1470,929","0"
"16.05.2018 11:08:27","0","1140","283","213","1470,929","0"
"16.05.2018 11:08:27","0","1140","283","213","1470,929","0"
"16.05.2018 11:08:27","0","1140","283","213","1470,929","0"
"16.05.2018 11:08:27","0","1140","283","213","1470,929","0"
"16.05.2018 11:08:27","0","1140","283","213","1470,929","0"
"16.05.2018 11:08:27","0","1140","283","213","1470,929","0"
"16.05.2018 11:08:27","0","1140","283","213","1470,929","0"
"16.05.2018 11:08:27","0","1140","283","213","1470,929","0"
"16.05.2018 11:08:27","0","1140","283","213","1470,929","0"
"16.05.2018 11:08:27","0","1140","283","213","1470,929","0"
"16.05.2018 11:08:27","0","1140","283","213","1470,929","0"
"16.05.2018 11:08:27","0","1140","283","213","1470,929","0"
"16.05.2018 11:08:27","0","1140","283","213","1470,929","0"
"16.05.2018 11:08:27","0","1140","283","213","1470,929","0"
"16.05.2018 11:08:27","0","1140","283","213","1470,929","0"
"16.05.2018 11:08:27","0","1140","283","213","1470,929","0"
"16.05.2018 11:08:27","0","1140","283","213","1470,929","0"
"16.05.2018 11:08:27","0","1140","283","213","1470,929","0"
"16.05.2018 11:08:27","0","1140","283","213","1470,929","0"
"16.05.2018 11:08:27","0","1140","283","213","1470,929","0"
"16.05.2018 11:08:27","0","1140","283","213","1470,929","0"
"16.05.2018 11:08:27","0","1140","283","213","1470,929","0"
"16.05.2018 11:08:27","0","1140","283","213","1470,929","0"
"16.05.2018 11:08:27","0","1140","283","213","1470,929","0"
"16.05.2018 11:08:27","0","1140","283","213","1470,929","0"
"16.05.2018 11:08:27","0","1140","283","213","1470,929","0"
"16.05.2018 11:08:27","0","1140","283","213","1470,929","0"
"16.05.2018 11:08:27","0","1140","283","213","1470,929","0"
"16.05.2018 11:08:27","0","1140","283","213","1470,929","0"
"16.05.2018 11:08:27","0","1140","283","213","1470,929","0"
"16.05.2018 11:08:27","0","1140","283","213","1470,929","0"
"16.05.2018 11:08:27","0","1140","283","213","1470,929","0"
"16.05.2018 11:08:27","0","1140","283","213","1470,929","0"
"16.05.2018 11:08:27","0","1140","283","213","1470,929","0"
"16.05.2018 11:08:27","0","1140","283","213","1470,929","0"
"16.05.2018 11:08:27","0","1140","283","213","1470,929","0"
"16.05.2018 11:08:27","0","1140","283","213","1470,929","0"
"16.05.2018 11:08:27","0","1140","283","213","1470,929","0"
"16.05.2018 11:08:27","0","1140","283","213","1470,929","0"
"16.05.2018 11:08:27","0","1140","283","213","1470,929","0"
"16.05.2018 11:08:27","0","1140","283","213","1470,929","0"
"16.05.2018 11:08:27","0","1140","283","213","1470,929","0"
"16.05.2018 11:08:27","0","1140","283","213","1470,929","0"
"16.05.2018 11:08:27","0","1140","283","213","1470,929","0"
"16.05.2018 11:08:27","0","1140","283","213","1470,929","0"
"16.05.2018 11:08:27","0","1140","283","213","1470,929","0"
"16.05.2018 11:08:27","0","1140","283","213","1470,929","0"
"16.05.2018 11:08:27","0","1140","283","213","1470,929","0"
"16.05.2018 11:08:27","0","1140","283","213","1470,929","0"
"16.05.2018 11:08:27","0","1140","283","213","1470,929","0"
"16.05.2018 11:08:27","0","1140","283","213","1470,929","0"
"16.05.2018 11:08:27","0","1140","283","213","1470,929","0"
"16.05.2018 11:08:27","0","1140","283","213","1470,929","0"
"16.05.2018 11:08:27","0","1140","283","213","1470,929","0"
"16.05.2018 11:15:04","0","1963","851","226","5152,703","0"
"16.05.2018 11:15:04","0","1963","851","226","5152,703","0"
"16.05.2018 11:15:04","0","1963","851","226","5152,703","0"
"16.05.2018 11:15:04","0","1963","851","226","5152,703","0"
"16.05.2018 11:15:57","0","690,5","851","576","3355,116","0"
"16.05.2018 11:16:26","0","1124","851","151","160,6385","0"
"16.05.2018 11:24:24","0","1492","283","276","1194,251","0"
"16.05.2018 11:24:24","0","1492","283","276","1194,251","0"
"16.05.2018 11:24:24","0","1492","283","276","1194,251","0"
"16.05.2018 11:25:23","0","3339,5","283","210","2928,523","0"
"16.05.2018 11:25:48","0","381,5","283","272","619,5998","0"
"16.05.2018 11:26:15","0","418","851","804","322,2701","0"
"16.05.2018 11:26:41","0","763,5","851","832","843,4239","0"
"16.05.2018 11:27:06","0","229","722","710","361,9721","0"
"16.05.2018 11:27:28","0","222,5","852","848","554,3606","0"
"16.05.2018 11:27:51","0","208,5","283","281","392,5103","0"
"16.05.2018 11:28:14","0","171,5","851","851","164,9137","0"
"16.05.2018 11:28:38","0","429,5","283","273","164,7225","0"
"16.05.2018 11:29:01","0","88,5","850","844","152,3228","0"
"16.05.2018 11:30:46","0","546","284","270","2060,52","0"
"16.05.2018 11:31:08","0","225","567","551","287,9412","0"
"16.05.2018 11:31:32","0","307","283","273","342,3472","0"
"16.05.2018 11:32:00","0","629,5","283","226","281,4691","0"
"16.05.2018 11:32:25","0","294,5","283","238","347,8814","0"
"16.05.2018 11:32:50","0","302","283","228","607,3666","0"
"16.05.2018 11:33:19","0","262","283","172","275,5045","0"
"16.05.2018 11:33:45","0","315","683","589","187,1133","0"
"16.05.2018 11:33:45","0","315","683","589","187,1133","0"
"16.05.2018 11:34:26","0","302","851","739","299,4583","0"
"16.05.2018 11:34:51","0","219","850","763","300,4714","0"
"16.05.2018 11:35:23","0","418","283","273","579,2144","0"
"16.05.2018 11:35:47","0","232,5","283","283","231,9789","0"
"16.05.2018 11:36:11","0","110","850","827","652,3642","0"
"16.05.2018 11:36:33","0","109,5","686","665","127,7216","0"
"16.05.2018 11:36:57","0","80","850","843","98,94865","0"
"16.05.2018 11:37:20","0","133,5","283","245","213,3413","0"
"16.05.2018 11:37:42","0","103,5","283","283","175,1177","0"
"16.05.2018 11:38:04","0","211,5","283","283","333,177","0"
"16.05.2018 11:38:26","0","264","851","766","268,4083","0"
"16.05.2018 11:38:26","0","264","851","766","268,4083","0"
"16.05.2018 11:38:26","0","264","851","766","268,4083","0"
"16.05.2018 11:39:14","0","1490,5","283","282","1803,728","0"
"16.05.2018 11:39:40","0","151,5","851","848","215,4892","0"
"16.05.2018 11:40:05","0","366,5","284","282","672,5528","0"
"16.05.2018 11:40:28","0","178","851","836","184,6132","0"
"16.05.2018 11:40:51","0","252","851","849","753,1377","0"
"16.05.2018 11:41:12","0","130,5","833","827","168,1648","0"
"16.05.2018 11:41:37","0","105,5","283","283","146,8222","0"
"16.05.2018 11:41:58","0","66,5","283","283","147,8293","0"
"16.05.2018 11:42:20","0","329","851","837","214,9698","0"
"16.05.2018 11:42:44","0","213,5","851","845","275,0249","0"
"16.05.2018 11:43:07","0","211","283","276","206,3997","0"
"16.05.2018 11:43:35","0","413","283","242","233,1003","0"
"16.05.2018 11:43:35","0","413","283","242","233,1003","0"
"16.05.2018 11:43:35","0","413","283","242","233,1003","0"
"16.05.2018 11:44:24","0","233","283","260","124,9582","0"
"16.05.2018 11:44:47","0","234","851","774","188,9091","0"
"16.05.2018 11:45:10","0","304,5","695","651","176,5921","0"
"16.05.2018 11:45:10","0","304,5","695","651","176,5921","0"
"16.05.2018 11:45:41","0","280","283","277","194,9901","0"
"16.05.2018 11:46:06","0","197,5","851","829","201,4086","0,001240695"
"16.05.2018 11:46:28","0","243","851","835","196,0578","0"
"16.05.2018 11:46:51","0","153","851","842","193,8644","0"
"16.05.2018 11:47:15","0","271","283","278","309,7817","0"
"16.05.2018 11:47:39","0","113","283","283","140,0428","0"
"16.05.2018 11:48:02","0","60,5","283","211","81,79857","0"
"16.05.2018 11:48:23","0","160","283","282","150,2547","0"
"16.05.2018 11:48:44","0","453","283","283","1372,28","0"
"16.05.2018 11:49:06","0","54,5","283","283","93,75714","0"
"16.05.2018 11:49:28","0","57","851","851","73,47362","0"
"16.05.2018 11:49:50","0","231,5","851","775","257,9771","0"
"16.05.2018 11:50:11","0","175,5","283","274","296,2838","0"
"16.05.2018 11:50:32","0","89","721","721","114,255","0"
"16.05.2018 11:50:54","0","96,5","851","851","159,3991","0"
"16.05.2018 11:51:16","0","166","283","283","417,7408","0"
"16.05.2018 11:51:40","0","157,5","284","284","186,1614","0"
"16.05.2018 11:52:02","0","238,5","283","275","192,3903","0"
"16.05.2018 11:52:24","0","444","283","262","464,3498","0"
"16.05.2018 11:52:48","0","271","283","279","596,957","0"
"16.05.2018 11:53:11","0","941","283","280","954,8232","0"
"16.05.2018 11:53:37","0","611,5","284","234","464,3909","0"
"16.05.2018 11:54:00","0","316","283","278","572,2896","0"
"16.05.2018 11:54:23","0","67,5","851","851","175,8886","0"
"16.05.2018 11:54:46","0","245,5","682","671","269,523","0"
"16.05.2018 11:55:08","0","151,5","283","275","219,6049","0"
"16.05.2018 11:55:31","0","194","709","699","245,4109","0"
"16.05.2018 11:55:54","0","75,5","283","283","183,9221","0"
"16.05.2018 11:56:15","0","75,5","283","283","168,1923","0"
"16.05.2018 11:56:36","0","86,5","283","282","109,7417","0"
"16.05.2018 11:56:58","0","168","283","279","197,4485","0"
"16.05.2018 11:57:19","0","92","851","843","354,3033","0"
"16.05.2018 11:57:41","0","177","851","836","239,7617","0"
"16.05.2018 11:58:07","0","111,5","785","773","292,1219","0,001347709"
"16.05.2018 11:58:30","0","70","283","283","133,0579","0"
"16.05.2018 11:58:52","0","401","283","265","694,9642","0"
"16.05.2018 11:59:17","0","461","851","730","800,5701","0"
"16.05.2018 11:59:17","0","461","851","730","800,5701","0"
"16.05.2018 11:59:17","0","461","851","730","800,5701","0"
"16.05.2018 12:00:06","0","293,5","851","845","344,9521","0"
"16.05.2018 12:00:29","0","183,5","701","686","226,3849","0"
"16.05.2018 12:00:51","0","263","283","277","455,6477","0"
"16.05.2018 12:01:13","0","257","851","849","416,5701","0"
"16.05.2018 12:01:36","0","241,5","851","843","246,7519","0"
"16.05.2018 12:01:58","0","247","283","283","374,2893","0"
"16.05.2018 12:02:19","0","200,5","629","627","330,6465","0"
"16.05.2018 12:02:42","0","235","283","282","830,1092","0"
"16.05.2018 12:03:05","0","433","283","281","977,2433","0"
"16.05.2018 12:03:28","0","173,5","283","279","202,2515","0"
"16.05.2018 12:03:49","0","137,5","283","271","606,1134","0"
"16.05.2018 12:04:10","0","113,5","283","280","312,7425","0"
"16.05.2018 12:04:31","0","374","851","851","373,617","0"
"16.05.2018 12:04:53","0","166,5","283","281","330,3554","0"
"16.05.2018 12:05:16","0","137","283","282","252,1468","0"
"16.05.2018 12:05:38","0","120","283","283","200,2276","0"
"16.05.2018 12:06:01","0","102","283","283","253,3626","0"
"16.05.2018 12:06:21","0","401,5","851","825","312,8317","0"
"16.05.2018 12:06:43","0","179","283","282","255,9818","0"
"16.05.2018 12:07:05","0","135,5","283","283","225,8097","0"
"16.05.2018 12:07:27","0","210,5","851","851","182,4605","0"
"16.05.2018 12:07:48","0","89","283","280","268,5146","0"
"16.05.2018 12:08:10","0","169,5","283","278","231,892","0"
"16.05.2018 12:08:32","0","115","850","843","193,7491","0"
"16.05.2018 12:08:54","0","85,5","851","851","104,47","0"
"16.05.2018 12:09:15","0","107,5","283","282","167,4461","0"
"16.05.2018 12:09:37","0","280,5","851","822","158,6468","0"
"16.05.2018 12:09:58","0","135,5","283","282","408,6345","0"
"16.05.2018 12:10:21","0","131","851","851","134,622","0"
"16.05.2018 12:12:06","0","358,5","283","264","434,5164","0"
"16.05.2018 12:12:33","0","651","283","249","912,5911","0"
"16.05.2018 12:13:02","0","192","283","272","955,7769","0"
"16.05.2018 12:13:31","0","360","851","789","386,2584","0"
"16.05.2018 12:14:00","0","498,5","667","638","1075,746","0"
"16.05.2018 12:14:24","0","930,5","850","793","1323,565","0"
"16.05.2018 12:20:52","0","289,5","283","282","551,921","0"
"16.05.2018 12:21:13","0","114","852","852","175,5599","0,001231527"
"16.05.2018 12:21:36","0","116","688","681","312,5256","0"
"16.05.2018 12:21:59","0","186","283","274","486,813","0"
"16.05.2018 12:22:21","0","97,5","283","278","185,6661","0"
"16.05.2018 12:22:43","0","117","851","839","244,9869","0"
"16.05.2018 12:23:03","0","373","851","820","711,6665","0"
"16.05.2018 12:23:26","0","164,5","284","268","583,0624","0"
"16.05.2018 12:23:51","0","127,5","283","274","626,4391","0"
"16.05.2018 12:24:14","0","286,5","283","282","423,9142","0"
"16.05.2018 12:24:39","0","188","286","282","602,942","0"
"16.05.2018 12:25:18","0","691,5","283","245","394,118","0"
"16.05.2018 12:25:45","0","101","851","845","142,5232","0"
"16.05.2018 12:26:08","0","78,5","283","283","162,9642","0"
"16.05.2018 12:27:52","0","149,5","283","281","317,2184","0"
"16.05.2018 12:28:14","0","79","283","281","163,0265","0"
"16.05.2018 12:28:35","0","124,5","851","851","175,9494","0"
"16.05.2018 12:28:56","0","143","851","848","110,2235","0"
"16.05.2018 12:30:38","0","69","851","850","118,9367","0"
"16.05.2018 12:31:00","0","132","283","281","198,8625","0"
"16.05.2018 12:31:22","0","106","851","834","200,4134","0"
"16.05.2018 12:31:44","0","119","283","276","321,3784","0"
"16.05.2018 12:32:05","0","107","852","830","145,8779","0"
"16.05.2018 12:32:27","0","119,5","283","283","284,1521","0"
"16.05.2018 12:32:48","0","129","283","277","183,1465","0"
"16.05.2018 12:33:12","0","315,5","851","843","535,3204","0"
"16.05.2018 12:33:37","0","63","283","283","133,093","0"
"16.05.2018 12:33:59","0","94,5","683","683","193,5471","0"
"16.05.2018 12:34:21","0","159,5","283","283","250,6658","0"
"16.05.2018 12:37:25","0","153","283","281","176,8401","0"
"16.05.2018 12:37:47","0","137,5","283","281","219,6533","0"
"16.05.2018 12:38:08","0","70","850","837","158,1148","0"
"16.05.2018 12:38:29","0","113,5","283","282","159,3455","0"
"16.05.2018 12:38:52","0","153","690","690","182,1626","0"
"16.05.2018 12:39:14","0","251","283","281","239,4507","0"
"16.05.2018 12:39:35","0","79","283","282","150,3527","0"
"16.05.2018 12:41:17","0","88","283","281","167,7945","0"
"16.05.2018 12:43:06","0","137","283","282","305,8968","0"
"16.05.2018 12:43:27","0","101","283","279","183,2485","0"
"16.05.2018 12:45:16","0","127,5","851","849","151,4162","0"
"16.05.2018 12:45:36","0","789","283","207","376,6942","0"
"16.05.2018 12:45:58","0","121","283","275","204,1738","0"
"16.05.2018 12:46:19","0","279,5","851","845","234,8954","0"
"16.05.2018 12:46:40","0","91,5","283","280","260,2227","0"
"16.05.2018 12:47:01","0","371","783","767","665,9772","0"
"16.05.2018 12:47:25","0","309,5","283","283","545,0945","0"
"16.05.2018 12:47:46","0","76,5","851","826","294,6763","0,001240695"
"16.05.2018 12:48:08","0","237","283","281","325,2506","0"
"16.05.2018 12:48:29","0","288,5","724","694","447,7116","0"
"16.05.2018 12:48:52","0","395","283","281","280,076","0"
"16.05.2018 12:49:13","0","82","283","282","190,4681","0"
"16.05.2018 12:49:34","0","137,5","851","845","273,4363","0"
"16.05.2018 12:49:56","0","468,5","283","283","232,7098","0"
"16.05.2018 12:50:17","0","121,5","283","282","253,5185","0"
"16.05.2018 12:50:38","0","268,5","801","793","264,0001","0"
"16.05.2018 12:51:00","0","95,5","283","279","772,4581","0"
"16.05.2018 12:51:21","0","63","686","682","377,6662","0"
"16.05.2018 12:51:44","0","159,5","283","280","322,7417","0"
"16.05.2018 12:52:06","0","212,5","283","280","286,3965","0"
"16.05.2018 12:52:29","0","355,5","283","282","354,0762","0"
"16.05.2018 12:52:50","0","137","586","580","476,7007","0"
"16.05.2018 12:53:11","0","121","283","282","92,49996","0"
"16.05.2018 12:53:33","0","333,5","283","283","456,6313","0"
"16.05.2018 12:53:55","0","115,5","283","281","198,9768","0"
"16.05.2018 12:54:19","0","501","283","283","1706,805","0"
"16.05.2018 12:54:40","0","148,5","693","685","157,1202","0"
"16.05.2018 12:55:02","0","244,5","851","839","219,6232","0"
"16.05.2018 12:55:24","0","98","283","274","482,193","0"
"16.05.2018 12:55:46","0","709,5","283","223","3348,498","0"
"16.05.2018 12:56:09","0","556","283","278","829,7469","0"
"16.05.2018 12:57:52","0","94,5","694","694","130,2131","0"
"16.05.2018 12:58:13","0","58","283","280","131,5921","0"
"16.05.2018 12:58:35","0","253,5","851","843","212,3988","0"
"16.05.2018 12:58:56","0","120","283","281","225,3982","0"
"16.05.2018 12:59:17","0","85,5","851","845","114,9146","0"
"16.05.2018 12:59:39","0","107","851","840","124,9974","0"
"16.05.2018 13:00:00","0","98,5","283","279","174,7073","0"
"16.05.2018 13:00:22","0","150","851","837","117,4398","0"
"16.05.2018 13:00:43","0","75,5","283","279","171,0364","0"
"16.05.2018 13:01:04","0","118","283","279","183,6021","0"
"16.05.2018 13:01:26","0","68","851","847","80,77476","0"
"16.05.2018 13:01:47","0","89","629","622","171,7491","0"
"16.05.2018 13:02:08","0","57","283","282","130,2583","0"
"16.05.2018 13:02:30","0","97,5","283","283","89,59303","0"
"16.05.2018 13:02:52","0","103,5","283","282","146,6677","0"
"16.05.2018 13:03:15","0","109","645","636","331,2168","0"
"16.05.2018 13:03:36","0","217","283","281","160,4047","0"
"16.05.2018 13:03:58","0","69,5","283","282","154,363","0"
"16.05.2018 13:04:19","0","134,5","851","841","109,9278","0"
"16.05.2018 13:04:41","0","151","851","837","199,7573","0"
"16.05.2018 13:05:01","0","90","283","278","239,3561","0"
"16.05.2018 13:05:24","0","246","851","837","335,9128","0"
"16.05.2018 13:05:46","0","289","283","272","826,7029","0"
"16.05.2018 13:06:08","0","178","283","267","227,5308","0"
"16.05.2018 13:06:29","0","128","654","645","187,4996","0"
"16.05.2018 13:06:50","0","95,5","283","272","325,0341","0"
"16.05.2018 13:07:11","0","111,5","283","279","317,6152","0"
"16.05.2018 13:07:33","0","248,5","851","837","425,6825","0"
"16.05.2018 13:08:00","0","308","283","278","395,1794","0"
"16.05.2018 13:08:23","0","148,5","851","845","173,3286","0"
"16.05.2018 13:08:46","0","244","695","683","513,5093","0"
"16.05.2018 13:09:07","0","675,5","543","529","650,5118","0"
"16.05.2018 13:09:31","0","312,5","283","271","1147,953","0"
"16.05.2018 13:09:53","0","438","283","276","674,676","0"
"16.05.2018 13:10:15","0","145,5","283","277","357,9479","0"
"16.05.2018 13:10:36","0","221,5","283","281","382,7072","0"
"16.05.2018 13:10:59","0","169,5","283","282","288,4636","0"
"16.05.2018 13:11:22","0","3920","851","430","2118,107","0"
"16.05.2018 13:11:47","0","2307,5","283","155","1944,163","0"
"16.05.2018 13:12:10","0","304","283","273","286,9821","0"
"16.05.2018 13:12:10","0","304","283","273","286,9821","0"
"16.05.2018 13:12:50","0","163","729","726","297,2122","0"
"16.05.2018 13:13:11","0","189","283","283","145,8273","0"
"16.05.2018 13:13:32","0","60","283","283","75,38321","0"
"16.05.2018 13:15:14","0","105","693","693","174,9581","0"
"16.05.2018 13:15:35","0","77,5","283","282","68,82278","0"
"16.05.2018 13:15:56","0","87","851","850","117,4016","0"
"16.05.2018 13:16:17","0","112","283","282","127,478","0"
"16.05.2018 13:17:59","0","56,5","283","283","122,733","0"
"16.05.2018 13:18:20","0","75","690","690","67,49084","0"
"16.05.2018 13:18:41","0","68,5","283","283","123,2167","0"
"16.05.2018 13:21:46","0","129","283","279","136,8494","0"
"16.05.2018 13:22:07","0","74","851","851","94,60851","0,001236094"
"16.05.2018 13:22:29","0","104","850","850","133,0845","0"
"16.05.2018 13:22:50","0","84,5","851","843","100,4723","0"
"16.05.2018 13:23:12","0","94","283","283","100,1514","0"
"16.05.2018 13:23:33","0","68,5","283","283","86,58846","0"
"16.05.2018 13:23:55","0","216","851","847","257,1896","0,001234568"
"16.05.2018 13:24:16","0","65,5","283","283","61,7752","0"
"16.05.2018 13:24:37","0","56,5","283","283","67,88556","0"
"16.05.2018 13:24:58","0","47,5","850","850","55,22101","0"
"16.05.2018 13:25:19","0","75","850","848","101,3399","0"
"16.05.2018 13:25:41","0","80,5","283","283","65,97724","0"
"16.05.2018 13:26:02","0","59,5","283","283","104,2584","0"
"16.05.2018 13:26:23","0","61,5","283","282","70,84884","0"
"16.05.2018 13:26:44","0","57,5","283","283","100,1091","0"
"16.05.2018 13:27:05","0","90,5","851","849","64,77884","0"
"16.05.2018 13:27:26","0","60,5","693","691","72,09608","0"
"16.05.2018 13:27:48","0","78,5","283","282","81,67015","0"
"16.05.2018 13:28:09","0","129","283","278","176,2405","0"
"16.05.2018 13:28:30","0","51,5","851","851","74,03854","0"
"16.05.2018 13:28:51","0","51","283","283","64,11848","0"
"16.05.2018 13:29:12","0","170","850","850","78,35519","0"
"16.05.2018 13:29:33","0","59,5","851","846","82,78477","0"
"16.05.2018 13:29:54","0","77","283","283","121,2314","0"
"16.05.2018 13:30:15","0","84","283","282","106,3957","0"
"16.05.2018 13:30:36","0","122","283","281","187,3427","0"
"16.05.2018 13:30:57","0","52,5","851","849","53,07246","0"
"16.05.2018 13:31:19","0","79","283","282","117,8047","0"
"16.05.2018 13:31:40","0","62","652","651","98,10215","0"
"16.05.2018 13:32:01","0","126","851","846","149,3841","0"
"16.05.2018 13:33:43","0","137","851","851","137,3486","0"
"16.05.2018 13:34:04","0","108,5","851","851","147,7657","0"
"16.05.2018 13:34:26","0","103","283","283","126,61","0"
"16.05.2018 13:34:47","0","123,5","283","282","134,7461","0"
"16.05.2018 13:35:09","0","133","851","851","124,7545","0"
"16.05.2018 13:35:31","0","130,5","283","283","108,6012","0"
"16.05.2018 13:35:53","0","138,5","283","283","146,072","0"
"16.05.2018 13:36:16","0","112,5","283","282","113,5896","0"
"16.05.2018 13:36:38","0","99,5","851","851","119,3753","0"
"16.05.2018 13:36:59","0","115","850","850","98,64096","0"
"16.05.2018 13:37:20","0","175,5","283","283","1085,292","0"
"16.05.2018 13:37:42","0","154,5","851","835","180,711","0"
"16.05.2018 13:38:05","0","103","283","282","185,3726","0"
"16.05.2018 13:38:27","0","132","283","283","185,046","0"
"16.05.2018 13:38:49","0","121,5","283","283","1061,993","0"
"16.05.2018 13:39:10","0","146,5","851","849","133,2951","0"
"16.05.2018 13:39:31","0","171,5","283","280","258,4531","0"
"16.05.2018 13:39:53","0","237,5","283","282","209,9262","0"
"16.05.2018 13:40:18","0","187,5","283","282","203,929","0"
"16.05.2018 13:40:40","0","409,5","851","840","380,782","0"
"16.05.2018 13:41:01","0","107,5","851","843","156,9324","0"
"16.05.2018 13:41:24","0","229,5","851","849","297,8719","0"
"16.05.2018 13:41:45","0","137","283","283","185,4272","0"
"16.05.2018 13:42:08","0","88,5","851","850","137,2657","0"
"16.05.2018 13:42:30","0","115","283","282","125,2742","0"
"16.05.2018 13:42:52","0","138,5","283","282","145,6376","0"
"16.05.2018 13:43:14","0","100,5","851","848","118,1836","0"
"16.05.2018 13:43:35","0","113","851","849","98,31509","0"
"16.05.2018 13:43:56","0","170","851","846","185,5717","0"
"16.05.2018 13:44:18","0","154","851","847","152,121","0"
"16.05.2018 13:44:40","0","572,5","283","283","460,515","0"
"16.05.2018 13:46:25","0","108,5","283","283","196,0809","0"
"16.05.2018 13:46:49","0","154","283","282","749,4117","0"
"16.05.2018 13:47:15","0","160","808","806","208,3323","0"
"16.05.2018 13:47:37","0","127,5","851","850","172,9503","0"
"16.05.2018 13:47:59","0","189,5","283","280","220,1145","0"
"16.05.2018 13:48:20","0","174,5","850","850","142,6739","0"
"16.05.2018 13:48:43","0","255,5","283","283","255,0443","0"
"16.05.2018 13:49:05","0","135","283","282","208,8684","0"
"16.05.2018 13:49:27","0","130","851","851","264,6547","0,001231527"
"16.05.2018 13:49:49","0","112","851","850","162,4887","0"
"16.05.2018 13:50:10","0","166,5","283","283","188,5045","0"
"16.05.2018 13:50:32","0","129,5","851","851","162,7603","0"
"16.05.2018 13:50:54","0","131,5","851","850","129,7147","0"
"16.05.2018 13:51:16","0","182","283","283","159,7452","0"
"16.05.2018 13:51:38","0","129","283","282","167,7559","0"
"16.05.2018 13:52:00","0","182","283","282","157,1416","0"
"16.05.2018 13:52:21","0","105","283","282","144,8402","0"
"16.05.2018 13:52:42","0","129,5","283","282","179,4836","0"
"16.05.2018 13:54:25","0","132","283","282","170,1876","0"
"16.05.2018 13:54:47","0","380,5","849","737","2162,478","0"
"16.05.2018 13:55:09","0","96,5","283","282","142,2978","0"
"16.05.2018 13:55:30","0","145","683","674","350,2274","0"
"16.05.2018 13:55:52","0","195","851","851","233,6489","0"
"16.05.2018 13:56:15","0","167","851","850","165,5739","0"
"16.05.2018 13:56:36","0","239","283","283","139,9472","0"
"16.05.2018 13:56:58","0","148","283","283","161,9784","0"
"16.05.2018 13:57:21","0","232","650","645","263,6368","0"
"16.05.2018 13:57:44","0","116","851","850","129,8754","0"
"16.05.2018 13:58:06","0","262,5","283","283","234,2249","0"
"16.05.2018 13:58:28","0","172,5","283","272","225,1274","0"
"16.05.2018 13:58:50","0","179,5","283","281","186,4454","0"
"16.05.2018 13:59:12","0","243","283","280","319,543","0"
"16.05.2018 13:59:35","0","102","283","283","228,5572","0"
"16.05.2018 13:59:58","0","147","283","280","173,2848","0"
"16.05.2018 14:00:22","0","122","283","280","135,7136","0"
"16.05.2018 14:00:45","0","227","283","281","170,057","0"
"16.05.2018 14:01:07","0","106","851","851","109,4442","0"
"16.05.2018 14:01:29","0","188","851","850","149,735","0"
"16.05.2018 14:01:49","0","113","851","850","113,3941","0"
"16.05.2018 14:02:10","0","211","850","847","199,5103","0"
"16.05.2018 14:02:32","0","84","851","851","71,61327","0,001177856"
"16.05.2018 14:02:54","0","162,5","851","837","167,3398","0"
"16.05.2018 14:03:16","0","148","851","845","154,9","0"
"16.05.2018 14:03:40","0","150,5","283","281","201,3609","0"
"16.05.2018 14:04:03","0","164","283","280","194,4741","0"
"16.05.2018 14:04:25","0","131,5","283","272","171,9085","0"
"16.05.2018 14:04:48","0","325","851","847","330,6334","0"
"16.05.2018 14:05:10","0","139","283","280","293,9485","0"
"16.05.2018 14:05:32","0","277","283","281","270,6454","0"
"16.05.2018 14:05:54","0","243","851","851","394,2698","0"
"16.05.2018 14:07:36","0","415,5","531","527","405,191","0"
"16.05.2018 14:07:58","0","172","691","681","253,1924","0"
"16.05.2018 14:08:20","0","172","851","842","192,0199","0"
"16.05.2018 14:08:41","0","382,5","283","282","291,532","0"
"16.05.2018 14:09:06","0","150","851","843","209,0213","0"
"16.05.2018 14:09:30","0","237","524","522","405,627","0"
"16.05.2018 14:09:51","0","367","283","279","369,528","0"
"16.05.2018 14:10:14","0","334","283","274","555,1472","0"
"16.05.2018 14:10:39","0","306","850","839","338,3577","0"
"16.05.2018 14:11:03","0","206","850","818","435,9254","0"
"16.05.2018 14:11:25","0","340","283","274","420,6972","0"
"16.05.2018 14:11:48","0","227","283","275","309,2735","0"
"16.05.2018 14:12:11","0","156,5","283","282","238,8278","0"
"16.05.2018 14:12:32","0","136,5","850","834","108,8386","0"
"16.05.2018 14:12:56","0","69","851","851","134,9675","0"
"16.05.2018 14:13:18","0","217,5","851","847","308,1525","0"
"16.05.2018 14:13:40","0","95","283","283","204,5201","0"
"16.05.2018 14:14:02","0","83","283","283","124,7732","0"
"16.05.2018 14:14:23","0","178,5","850","850","187,6661","0"
"16.05.2018 14:14:45","0","130","283","283","176,3317","0"
"16.05.2018 14:15:07","0","175","283","281","368,5129","0"
"16.05.2018 14:15:29","0","253,5","644","629","467,7209","0"
"16.05.2018 14:15:51","0","363","852","811","122,6225","0,001336898"
"16.05.2018 14:16:12","0","202","283","282","525,9045","0"
"16.05.2018 14:16:33","0","107,5","283","279","231,1015","0"
"16.05.2018 14:16:54","0","153,5","283","282","224,9258","0"
"16.05.2018 14:17:16","0","78,5","283","281","182,4688","0"
"16.05.2018 14:17:38","0","98","851","842","164,2038","0,001215067"
"16.05.2018 14:18:00","0","140,5","850","841","194,5194","0,00122399"
"16.05.2018 14:18:00","0","140,5","850","841","194,5194","0,00122399"
"16.05.2018 14:18:34","0","262,5","283","280","480,6223","0"
"16.05.2018 14:18:57","0","208","283","273","465,9113","0"
"16.05.2018 14:19:18","0","158,5","283","281","516,5021","0"
"16.05.2018 14:19:40","0","236","680","678","323,4679","0"
"16.05.2018 14:20:03","0","217","283","270","313,5794","0"
"16.05.2018 14:20:25","0","148","284","283","259,8396","0"
"16.05.2018 14:20:47","0","281","851","840","352,2978","0"
"16.05.2018 14:21:09","0","81","851","850","169,8941","0"
"16.05.2018 14:21:31","0","293,5","851","851","534,8201","0"
"16.05.2018 14:21:51","0","130","283","282","375,206","0"
"16.05.2018 14:22:13","0","150,5","851","655","235,8697","0"
"16.05.2018 14:22:35","0","203","851","851","263,9261","0"
"16.05.2018 14:22:56","0","191,5","850","838","336,5597","0"
"16.05.2018 14:23:19","0","363,5","283","280","753,4196","0"
"16.05.2018 14:23:41","0","286,5","283","279","1737,669","0"
"16.05.2018 14:24:04","0","180","283","282","283,5039","0"
"16.05.2018 14:24:26","0","233","851","839","338,1388","0"
"16.05.2018 14:24:48","0","215","283","283","310,9718","0"
"16.05.2018 14:25:12","0","234,5","283","274","202,1682","0"
"16.05.2018 14:25:34","0","291","283","278","872,414","0"
"16.05.2018 14:25:56","0","378,5","850","843","310,486","0,001253133"
"16.05.2018 14:26:18","0","251","283","283","308,2118","0"
"16.05.2018 14:26:39","0","196","283","277","288,7009","0"
"16.05.2018 14:27:02","0","239,5","283","276","303,6084","0"
"16.05.2018 14:27:24","0","230","283","280","232,196","0"
"16.05.2018 14:27:46","0","249","283","282","749,4907","0"
"16.05.2018 14:28:09","0","239","851","846","205,4133","0"
"16.05.2018 14:28:32","0","277,5","283","270","391,7423","0"
"16.05.2018 14:28:54","0","331","851","849","473,2474","0"
"16.05.2018 14:29:18","0","210","283","283","518,0517","0"
"16.05.2018 14:29:40","0","197","283","282","258,3005","0"
"16.05.2018 14:30:02","0","150,5","283","277","419,9227","0"
"16.05.2018 14:30:24","0","127,5","283","282","222,8271","0"
"16.05.2018 14:32:08","0","132","283","280","205,3696","0"
"16.05.2018 14:32:30","0","155","283","283","415,686","0"
"16.05.2018 14:32:52","0","176","283","280","191,3495","0"
"16.05.2018 14:33:14","0","194,5","851","846","138,9225","0"
"16.05.2018 14:33:36","0","221,5","851","843","187,8636","0"
"16.05.2018 14:33:59","0","154,5","283","283","187,3366","0"
"16.05.2018 14:34:21","0","214","283","278","576,3503","0"
"16.05.2018 14:36:06","0","169","283","269","223,1655","0"
"16.05.2018 14:36:28","0","281","283","282","242,0982","0"
"16.05.2018 14:36:51","0","155,5","283","283","167,5434","0"
"16.05.2018 14:38:35","0","70,5","283","283","98,7263","0"
"16.05.2018 14:38:57","0","96","283","283","142,2816","0"
"16.05.2018 14:39:18","0","68,5","851","850","95,7461","0"
"16.05.2018 14:39:39","0","82","851","851","73,60492","0"
"16.05.2018 14:40:00","0","56","851","849","57,9713","0"
"16.05.2018 14:40:21","0","90","283","283","120,0425","0"
"16.05.2018 14:40:41","0","78,5","283","283","87,42656","0"
"16.05.2018 14:41:02","0","82","851","850","80,24416","0"
"16.05.2018 14:42:45","0","62","283","283","76,28214","0"
"16.05.2018 14:43:06","0","71,5","283","283","93,97602","0"
"16.05.2018 14:43:27","0","89,5","283","283","89,44315","0"
"16.05.2018 14:46:31","0","136","851","851","91,03078","0"
"16.05.2018 14:46:52","0","66","283","283","105,745","0"
"16.05.2018 14:47:13","0","98,5","851","850","83,74464","0"
"16.05.2018 14:47:34","0","104","283","283","105,7952","0"
"16.05.2018 14:47:55","0","72","283","283","100,8793","0"
"16.05.2018 14:48:19","0","116,5","851","831","86,28848","0"
"16.05.2018 14:48:44","0","104","728","728","153,2793","0"
"16.05.2018 14:49:07","0","122,5","283","282","165,0045","0"
"16.05.2018 14:49:28","0","150,5","283","282","209,3267","0"
"16.05.2018 14:49:52","0","129,5","283","283","148,8011","0"
"16.05.2018 14:50:14","0","97,5","851","845","129,3755","0"
"16.05.2018 14:51:59","0","176,5","283","282","223,0449","0"
"16.05.2018 14:52:22","0","471,5","283","282","666,0778","0"
"16.05.2018 14:52:44","0","104,5","852","848","138,2428","0"
"16.05.2018 14:53:04","0","98","851","851","90,51738","0"
"16.05.2018 14:54:48","0","131,5","283","279","212,2597","0"
"16.05.2018 14:55:13","0","149","851","851","149,4995","0"
"16.05.2018 14:55:35","0","175,5","851","840","193,6071","0"
"16.05.2018 14:55:57","0","110,5","850","850","105,2199","0"
"16.05.2018 14:56:19","0","106,5","283","277","160,444","0"
"16.05.2018 14:56:41","0","175","283","283","193,1474","0"
"16.05.2018 14:57:02","0","94","283","282","178,8781","0"
"16.05.2018 14:58:46","0","142","851","850","145,532","0"
"16.05.2018 14:59:08","0","115,5","851","851","101,0022","0"
"16.05.2018 14:59:31","0","145","851","850","104,0393","0"
"16.05.2018 14:59:53","0","193,5","283","278","331,5601","0"
"16.05.2018 15:00:16","0","219,5","851","842","239,0982","0"
"16.05.2018 15:00:39","0","196,5","283","283","275,7033","0"
"16.05.2018 15:01:01","0","190,5","851","851","252,833","0"
"16.05.2018 15:01:25","0","298,5","283","282","345,554","0"
"16.05.2018 15:01:47","0","179","283","282","226,1126","0"
"16.05.2018 15:02:09","0","171,5","283","283","234,8244","0"
"16.05.2018 15:02:31","0","213,5","283","280","251,6224","0"
"16.05.2018 15:02:53","0","210","851","845","213,5997","0"
"16.05.2018 15:03:17","0","222,5","283","282","276,9078","0"
"16.05.2018 15:03:39","0","231","283","278","296,0135","0"
"16.05.2018 15:04:01","0","127,5","283","283","171,0604","0"
"16.05.2018 15:04:24","0","160,5","283","281","281,6403","0"
"16.05.2018 15:04:47","0","170,5","283","283","188,7585","0"
"16.05.2018 15:06:34","0","183","283","283","307,1774","0"
"16.05.2018 15:06:57","0","284,5","283","283","283,6382","0"
"16.05.2018 15:07:19","0","181,5","851","848","239,6554","0"
"16.05.2018 15:07:41","0","203","283","283","244,1366","0"
"16.05.2018 15:08:10","0","288","283","282","298,1662","0"
"16.05.2018 15:08:34","0","293,5","283","283","301,0895","0"
"16.05.2018 15:08:57","0","176,5","851","851","209,7165","0"
"16.05.2018 15:09:19","0","280","850","850","262,5483","0"
"16.05.2018 15:09:43","0","308,5","283","282","343,2149","0"
"16.05.2018 15:10:06","0","316","283","276","217,1011","0"
"16.05.2018 15:10:33","0","278","283","283","414,8368","0"
"16.05.2018 15:10:56","0","236","283","279","248,659","0"
"16.05.2018 15:11:19","0","208,5","283","283","229,2204","0"
"16.05.2018 15:11:43","0","221,5","851","843","242,4113","0"
"16.05.2018 15:12:06","0","168","283","282","428,746","0"
"16.05.2018 15:12:29","0","140,5","283","277","284,2932","0"
"16.05.2018 15:12:50","0","249","283","273","302,1004","0"
"16.05.2018 15:13:14","0","250,5","283","278","288,7375","0"
"16.05.2018 15:13:37","0","176,5","713","685","240,0771","0"
"16.05.2018 15:14:01","0","255,5","283","273","265,7554","0"
"16.05.2018 15:14:24","0","237,5","283","277","231,614","0"
"16.05.2018 15:14:51","0","107","283","279","180,852","0"
"16.05.2018 15:15:14","0","350","283","280","223,8335","0"
"16.05.2018 15:15:36","0","121","283","282","137,5591","0"
"16.05.2018 15:15:58","0","121,5","283","282","270,78","0"
"16.05.2018 15:16:19","0","99,5","283","283","138,7037","0"
"16.05.2018 15:16:40","0","74,5","283","283","132,8252","0"
"16.05.2018 15:17:02","0","120,5","283","281","143,7962","0"
"16.05.2018 15:17:23","0","63","717","717","54,93329","0"
"16.05.2018 15:17:44","0","85","851","851","75,12221","0"
"16.05.2018 15:18:05","0","81,5","851","851","76,11636","0"
"16.05.2018 15:18:27","0","55,5","283","283","70,62425","0"
"16.05.2018 15:18:52","0","63","851","851","95,1851","0"
"16.05.2018 15:19:16","0","68,5","283","123","95,4435","0"
"16.05.2018 15:19:37","0","113","727","727","136,75","0"
"16.05.2018 15:19:58","0","165","283","283","208,159","0"
"16.05.2018 15:20:19","0","125,5","283","283","152,5776","0"
"16.05.2018 15:20:40","0","99","283","283","152,0397","0"
"16.05.2018 15:21:01","0","161","283","283","145,9173","0"
"16.05.2018 15:21:23","0","115","851","851","102,9221","0"
"16.05.2018 15:21:45","0","156,5","851","850","128,9019","0"
"16.05.2018 15:22:08","0","91","283","283","312,2665","0"
"16.05.2018 15:22:29","0","88,5","283","283","134,397","0"
"16.05.2018 15:22:51","0","254","283","283","148,5996","0"
"16.05.2018 15:23:12","0","120","850","850","137,6216","0"
"16.05.2018 15:23:33","0","102,5","283","283","120,2931","0"
"16.05.2018 15:23:55","0","250,5","851","817","267,5211","0"
"16.05.2018 15:24:17","0","113","283","283","177,4889","0"
"16.05.2018 15:24:39","0","244","850","847","499,6913","0"
"16.05.2018 15:25:01","0","158","851","851","146,7623","0"
"16.05.2018 15:25:21","0","123","283","283","169,1927","0"
"16.05.2018 15:27:06","0","102","283","282","160,3919","0"
"16.05.2018 15:27:27","0","154,5","851","851","372,6065","0"
"16.05.2018 15:27:49","0","94,5","283","283","103,6432","0"
"16.05.2018 15:28:10","0","91","283","283","138,9498","0"
"16.05.2018 15:28:31","0","152","851","851","144,4754","0"
"16.05.2018 15:30:01","0","230","437","122","236,0395","0"
"16.05.2018 15:34:28","0","81","283","283","80,06567","0"
"16.05.2018 15:34:50","0","206,5","850","850","174,4376","0"
"16.05.2018 15:36:36","0","91,5","283","283","75,63049","0"
"16.05.2018 15:36:57","0","9","283","283","9,118224","0"
"16.05.2018 15:37:18","0","9","851","851","5,86153","0"
"16.05.2018 15:37:38","0","11,5","851","851","8,458021","0"
"16.05.2018 15:38:03","0","10","283","283","6,220054","0"
"16.05.2018 15:38:24","0","9,5","283","283","7,535708","0"
"16.05.2018 15:38:44","0","8,5","283","283","5,159057","0"
"16.05.2018 15:39:05","0","10","283","283","8,586823","0"
"16.05.2018 15:39:26","0","8,5","851","851","7,790625","0"
"16.05.2018 15:39:46","0","8,5","283","283","6,288588","0"
"16.05.2018 15:40:07","0","9,5","283","283","10,00847","0"
"16.05.2018 15:40:27","0","10","283","283","6,495512","0"
"16.05.2018 15:40:47","0","8,5","283","283","4,604193","0"
"16.05.2018 15:41:07","0","9,5","851","850","6,448377","0"
"16.05.2018 15:41:27","0","8,5","283","283","9,124652","0"
"16.05.2018 15:41:48","0","9,5","283","283","10,24865","0"
"16.05.2018 15:42:08","0","9,5","851","851","5,641882","0"
"16.05.2018 15:42:28","0","10","283","283","9,596678","0"
"16.05.2018 15:42:52","0","8,5","851","851","7,633968","0"
"16.05.2018 15:43:12","0","10","850","850","10,99169","0"
"16.05.2018 15:43:32","0","11","283","283","3,024135","0"
"16.05.2018 15:43:52","0","9,5","283","283","7,86662","0"
"16.05.2018 15:44:12","0","10","283","283","8,191973","0"
"16.05.2018 15:44:32","0","9,5","851","851","6,296806","0"
"16.05.2018 15:44:53","0","9","851","851","7,949128","0"
"16.05.2018 15:45:13","0","8","851","851","3,009832","0"
"16.05.2018 15:45:33","0","8,5","283","283","4,788333","0"
"16.05.2018 15:45:53","0","8,5","851","851","5,88206","0"
"16.05.2018 15:46:13","0","8,5","283","283","5,905963","0"
"16.05.2018 15:46:33","0","8","851","851","3,966073","0"
"16.05.2018 15:46:53","0","8","283","283","4,779663","0"
"16.05.2018 15:47:14","0","8,5","851","851","7,416766","0"
"16.05.2018 15:47:35","0","8,5","851","851","7,329959","0"
"16.05.2018 15:47:55","0","8","283","283","4,164182","0"
"16.05.2018 15:48:15","0","8,5","283","283","3,943345","0"
"16.05.2018 15:48:35","0","14","851","851","6,460788","0"
"16.05.2018 15:48:56","0","8,5","850","850","6,960421","0"
"16.05.2018 15:49:16","0","9,5","283","283","7,103565","0"
"16.05.2018 15:49:36","0","12","283","283","9,966897","0"
"16.05.2018 15:49:57","0","8","283","283","4,689772","0"
"16.05.2018 15:50:17","0","8","283","283","5,058749","0"
"16.05.2018 15:50:37","0","8,5","283","283","6,055673","0"
"16.05.2018 15:50:57","0","9,5","283","283","5,811434","0"
"16.05.2018 15:51:17","0","9","850","850","7,543117","0"
"16.05.2018 15:51:37","0","8,5","283","283","8,5838","0"
"16.05.2018 15:51:57","0","9,5","283","283","10,35203","0"
"16.05.2018 15:52:17","0","10","283","283","6,456571","0"
"16.05.2018 15:52:38","0","8,5","283","283","7,138126","0"
"16.05.2018 15:52:58","0","8,5","283","283","3,090693","0"
"16.05.2018 15:53:19","0","8,5","283","283","4,921015","0"
"16.05.2018 15:53:39","0","9","283","283","6,400608","0"
"16.05.2018 15:54:00","0","8,5","850","850","4,105982","0"
"16.05.2018 15:54:20","0","8,5","283","283","5,930478","0"
"16.05.2018 15:54:41","0","10","283","283","5,572247","0"
"16.05.2018 15:55:02","0","9,5","283","283","9,469953","0"
"16.05.2018 15:55:22","0","8,5","283","283","6,014228","0"
"16.05.2018 15:55:43","0","8,5","283","283","6,443511","0"
"16.05.2018 15:56:03","0","9","283","283","5,387185","0"
"16.05.2018 15:56:23","0","8,5","283","283","3,820575","0"
"16.05.2018 15:56:43","0","8,5","283","283","7,745874","0"
"16.05.2018 15:57:03","0","10,5","851","851","9,823993","0"
"16.05.2018 15:57:24","0","8,5","283","283","5,486861","0"
"16.05.2018 15:57:44","0","10","283","283","6,97659","0"
"16.05.2018 15:58:10","0","10","851","851","6,528235","0"
"16.05.2018 15:58:30","0","9,5","283","283","6,887904","0"
"16.05.2018 15:58:50","0","9,5","283","283","2,902776","0"
"16.05.2018 15:59:10","0","9,5","851","851","10,05197","0"
"16.05.2018 15:59:30","0","13","283","283","6,099134","0"
"16.05.2018 15:59:50","0","8,5","851","851","8,217038","0"
"16.05.2018 16:00:10","0","8,5","851","851","7,736583","0"
"16.05.2018 16:00:30","0","9","851","849","6,634031","0"
"16.05.2018 16:00:50","0","9,5","283","283","10,73074","0"
"16.05.2018 16:01:10","0","8,5","851","851","4,217013","0"
"16.05.2018 16:01:30","0","9","283","283","4,343432","0"
"16.05.2018 16:01:51","0","10","283","283","9,80291","0"
"16.05.2018 16:02:12","0","8","851","851","4,262951","0"
"16.05.2018 16:02:32","0","8","851","851","3,694808","0"
"16.05.2018 16:02:53","0","9","283","283","6,071661","0"
"16.05.2018 16:03:14","0","9,5","283","283","7,785475","0"
"16.05.2018 16:03:34","0","8","283","283","4,978685","0"
"16.05.2018 16:03:54","0","9,5","851","851","6,623435","0"
"16.05.2018 16:04:15","0","10,5","851","851","10,23978","0"
"16.05.2018 16:04:35","0","8,5","283","283","5,534371","0"
"16.05.2018 16:04:56","0","9,5","283","283","5,695049","0"
"16.05.2018 16:05:17","0","8,5","283","283","6,808469","0"
"16.05.2018 16:05:38","0","8","851","851","4,68835","0"
"16.05.2018 16:05:59","0","8,5","851","851","5,396177","0"
"16.05.2018 16:06:19","0","9,5","851","851","9,305281","0"
"16.05.2018 16:06:40","0","8,5","283","283","7,891579","0"
"16.05.2018 16:07:01","0","9","283","283","7,658122","0"
"16.05.2018 16:07:22","0","9,5","283","283","7,27446","0"
"16.05.2018 16:07:43","0","8,5","283","283","4,777955","0"
"16.05.2018 16:08:04","0","9","851","851","6,822084","0"
"16.05.2018 16:08:24","0","8","851","851","5,493226","0"
"16.05.2018 16:08:45","0","8,5","283","283","7,071519","0"
"16.05.2018 16:09:07","0","9","851","851","5,868471","0"
"16.05.2018 16:09:28","0","10","283","283","5,503773","0"
"16.05.2018 16:09:49","0","9","283","283","5,493844","0"
"16.05.2018 16:10:10","0","8","283","283","6,486812","0"
"16.05.2018 16:10:30","0","11,5","851","851","8,718608","0"
"16.05.2018 16:10:50","0","8","851","851","3,685205","0"
"16.05.2018 16:11:10","0","9","283","283","5,578736","0"
"16.05.2018 16:11:30","0","8,5","283","283","7,413854","0"
"16.05.2018 16:11:50","0","10","851","851","9,524953","0"
"16.05.2018 16:12:10","0","10,5","283","283","5,091478","0"
"16.05.2018 16:12:30","0","12,5","851","851","6,292296","0"
"16.05.2018 16:12:51","0","10","851","851","7,18315","0"
"16.05.2018 16:13:14","0","10","283","283","10,95939","0"
"16.05.2018 16:13:35","0","9,5","283","283","8,152349","0"
"16.05.2018 16:13:56","0","8,5","851","851","4,664071","0"
"16.05.2018 16:14:17","0","8,5","284","284","3,167655","0"
"16.05.2018 16:14:38","0","8,5","850","850","7,270415","0"
"16.05.2018 16:14:59","0","8,5","851","851","5,693626","0"
"16.05.2018 16:15:19","0","8,5","851","851","8,043972","0"
"16.05.2018 16:15:39","0","13","850","850","11,83188","0"
"16.05.2018 16:15:59","0","9,5","283","283","7,649823","0"
"16.05.2018 16:16:19","0","8,5","851","851","4,980845","0"
"16.05.2018 16:16:40","0","8,5","283","283","14,9852","0"
"16.05.2018 16:17:00","0","9,5","283","283","6,031739","0"
"16.05.2018 16:17:21","0","15","283","283","4,151557","0"
"16.05.2018 16:17:41","0","8,5","283","283","7,05478","0"
"16.05.2018 16:18:01","0","8,5","283","283","5,188714","0"
"16.05.2018 16:18:22","0","9","283","283","6,711182","0"
"16.05.2018 16:18:42","0","8,5","283","283","3,418705","0"
"16.05.2018 16:19:02","0","8","851","851","7,172441","0"
"16.05.2018 16:19:22","0","8,5","283","283","4,443246","0"
"16.05.2018 16:19:42","0","8,5","851","851","4,586139","0"
"16.05.2018 16:20:02","0","9,5","283","283","6,939345","0"
"16.05.2018 16:20:23","0","9,5","283","283","4,799298","0"
"16.05.2018 16:20:43","0","10","283","283","10,83914","0"
"16.05.2018 16:21:03","0","9,5","851","851","6,227942","0"
"16.05.2018 16:21:23","0","8,5","851","851","5,389954","0"
"16.05.2018 16:21:44","0","8,5","283","283","4,69462","0"
"16.05.2018 16:22:04","0","8,5","283","283","8,344557","0"
"16.05.2018 16:22:24","0","9,5","283","283","4,120531","0"
"16.05.2018 16:22:44","0","10","283","283","8,108292","0"
"16.05.2018 16:23:04","0","9","851","851","6,189507","0"
"16.05.2018 16:23:25","0","8,5","851","851","6,45257","0"
"16.05.2018 16:23:45","0","10","283","283","8,008123","0"
"16.05.2018 16:24:05","0","9,5","283","283","7,975144","0"
"16.05.2018 16:24:26","0","8,5","851","851","3,397498","0"
"16.05.2018 16:24:46","0","8,5","283","283","4,308837","0"
"16.05.2018 16:25:06","0","9","283","283","4,294019","0"
"16.05.2018 16:25:26","0","8,5","283","283","4,981179","0"
"16.05.2018 16:25:47","0","8","851","851","5,049512","0"
"16.05.2018 16:26:07","0","8,5","283","283","7,60883","0"
"16.05.2018 16:26:27","0","8,5","851","851","6,353998","0"
"16.05.2018 16:26:47","0","10","283","283","6,995195","0"
"16.05.2018 16:27:07","0","9,5","283","283","10,96518","0"
"16.05.2018 16:27:27","0","8,5","283","283","7,200936","0"
"16.05.2018 16:27:47","0","9,5","283","283","4,856288","0"
"16.05.2018 16:28:08","0","8,5","283","283","3,237006","0"
"16.05.2018 16:28:29","0","8,5","283","283","5,110367","0"
"16.05.2018 16:28:49","0","8,5","283","283","7,484183","0"
"16.05.2018 16:29:09","0","8","283","283","5,966675","0"
"16.05.2018 16:29:30","0","8","283","283","5,342359","0"
"16.05.2018 16:29:50","0","8,5","283","283","6,058646","0"
"16.05.2018 16:30:11","0","8","284","284","3,192157","0"
"16.05.2018 16:30:31","0","8","283","283","6,194884","0"
"16.05.2018 16:30:51","0","9","850","850","7,7941","0"
"16.05.2018 16:31:11","0","8","283","283","6,494159","0"
"16.05.2018 16:31:31","0","8,5","851","851","6,7205","0"
"16.05.2018 16:31:51","0","9,5","851","851","7,135075","0"
"16.05.2018 16:32:11","0","8,5","283","283","7,562628","0"
"16.05.2018 16:32:31","0","9,5","283","283","4,850528","0"
"16.05.2018 16:32:52","0","10","283","283","8,789251","0"
"16.05.2018 16:33:13","0","10","851","851","14,25674","0"
"16.05.2018 16:33:34","0","9","851","851","6,911409","0"
"16.05.2018 16:33:54","0","8,5","283","283","8,365408","0"
"16.05.2018 16:34:15","0","9","851","851","4,894088","0"
"16.05.2018 16:34:36","0","14","851","851","8,219852","0"
"16.05.2018 16:34:57","0","9,5","851","851","7,703312","0"
"16.05.2018 16:35:18","0","9","852","852","5,312432","0"
"16.05.2018 16:35:41","0","9","851","851","6,558656","0"
"16.05.2018 16:36:05","0","9,5","283","283","8,534982","0"
"16.05.2018 16:36:26","0","9","851","851","7,122999","0"
"16.05.2018 16:36:47","0","10","283","283","8,708751","0"
"16.05.2018 16:37:07","0","8,5","283","283","5,739126","0"
"16.05.2018 16:37:27","0","10,5","283","283","3,631706","0"
"16.05.2018 16:37:47","0","8,5","851","851","3,497593","0"
"16.05.2018 16:38:07","0","8","283","283","6,36681","0"
"16.05.2018 16:38:27","0","8,5","851","851","5,697359","0"
"16.05.2018 16:38:47","0","8","283","283","4,037005","0"
"16.05.2018 16:39:07","0","8","850","850","6,051452","0"
"16.05.2018 16:39:28","0","8,5","283","283","5,686029","0"
"16.05.2018 16:39:48","0","8,5","283","283","4,908255","0"
"16.05.2018 16:40:08","0","9,5","283","283","5,858594","0"
"16.05.2018 16:40:29","0","12,5","851","851","9,539991","0"
"16.05.2018 16:40:49","0","8","851","851","3,732988","0"
"16.05.2018 16:41:09","0","8,5","283","283","8,340197","0"
"16.05.2018 16:41:29","0","8,5","283","283","4,858864","0"
"16.05.2018 16:41:49","0","8,5","283","283","3,691652","0"
"16.05.2018 16:42:09","0","8,5","851","851","4,331906","0"
"16.05.2018 16:42:29","0","8,5","851","851","6,862707","0"
"16.05.2018 16:42:49","0","8,5","283","283","3,981718","0"
"16.05.2018 16:43:09","0","9","283","283","7,950755","0"
"16.05.2018 16:43:30","0","9,5","283","283","10,71884","0"
"16.05.2018 16:43:51","0","10","851","851","9,499999","0"
"16.05.2018 16:44:11","0","8,5","851","851","6,20466","0"
"16.05.2018 16:44:31","0","9","283","283","5,603077","0"
"16.05.2018 16:44:51","0","8,5","283","283","2,878673","0"
"16.05.2018 16:45:11","0","8,5","851","851","6,37673","0"
"16.05.2018 16:45:31","0","8,5","851","851","4,967368","0"
"16.05.2018 16:45:51","0","8,5","851","851","3,992269","0"
"16.05.2018 16:46:11","0","8,5","283","283","7,156434","0"
"16.05.2018 16:46:32","0","8,5","851","849","3,265653","0"
"16.05.2018 16:46:52","0","8,5","283","283","6,866549","0"
"16.05.2018 16:47:13","0","9,5","283","283","6,42927","0"
"16.05.2018 16:47:34","0","9,5","283","283","5,019908","0"
"16.05.2018 16:47:54","0","8,5","851","851","4,531111","0"
"16.05.2018 16:48:14","0","8,5","283","283","6,736353","0"
"16.05.2018 16:48:35","0","8","283","283","4,440259","0"
"16.05.2018 16:48:55","0","8,5","283","283","5,442299","0"
"16.05.2018 16:49:15","0","9","851","851","6,655686","0"
"16.05.2018 16:49:35","0","9","283","283","6,559483","0"
"16.05.2018 16:49:55","0","8,5","283","283","5,334725","0"
"16.05.2018 16:50:15","0","9","283","283","6,978078","0"
"16.05.2018 16:50:35","0","8","283","156","9,122787","0"
"16.05.2018 16:50:35","0","8","283","156","9,122787","0"
"16.05.2018 16:50:35","0","8","283","156","9,122787","0"
"16.05.2018 16:50:35","0","8","283","156","9,122787","0"
"16.05.2018 16:50:35","0","8","283","156","9,122787","0"
"16.05.2018 16:50:35","0","8","283","156","9,122787","0"
"16.05.2018 16:50:35","0","8","283","156","9,122787","0"
"16.05.2018 16:50:35","0","8","283","156","9,122787","0"
"16.05.2018 16:50:35","0","8","283","156","9,122787","0"
"16.05.2018 16:50:35","0","8","283","156","9,122787","0"
